r Li-Li S_4c-Li S_4a-Li I_4c-Li I_4a-Li Li-S Li-I
0.000000 0.000000 0.000000 0.000000 0.000000 0.000000 0.000000 0.000000
0.010000 0.000000 0.000000 0.000000 0.000000 0.000000 0.000000 0.000000
0.020000 0.000000 0.000000 0.000000 0.000000 0.000000 0.000000 0.000000
0.030000 0.000000 0.000000 0.000000 0.000000 0.000000 0.000000 0.000000
0.040000 0.000000 0.000000 0.000000 0.000000 0.000000 0.000000 0.000000
0.050000 0.000000 0.000000 0.000000 0.000000 0.000000 0.000000 0.000000
0.060000 0.000000 0.000000 0.000000 0.000000 0.000000 0.000000 0.000000
0.070000 0.000000 0.000000 0.000000 0.000000 0.000000 0.000000 0.000000
0.080000 0.000000 0.000000 0.000000 0.000000 0.000000 0.000000 0.000000
0.090000 0.000000 0.000000 0.000000 0.000000 0.000000 0.000000 0.000000
0.100000 0.000000 0.000000 0.000000 0.000000 0.000000 0.000000 0.000000
0.110000 0.000000 0.000000 0.000000 0.000000 0.000000 0.000000 0.000000
0.120000 0.000000 0.000000 0.000000 0.000000 0.000000 0.000000 0.000000
0.130000 0.000000 0.000000 0.000000 0.000000 0.000000 0.000000 0.000000
0.140000 0.000000 0.000000 0.000000 0.000000 0.000000 0.000000 0.000000
0.150000 0.000000 0.000000 0.000000 0.000000 0.000000 0.000000 0.000000
0.160000 0.000000 0.000000 0.000000 0.000000 0.000000 0.000000 0.000000
0.170000 0.000000 0.000000 0.000000 0.000000 0.000000 0.000000 0.000000
0.180000 0.000000 0.000000 0.000000 0.000000 0.000000 0.000000 0.000000
0.190000 0.000000 0.000000 0.000000 0.000000 0.000000 0.000000 0.000000
0.200000 0.000000 0.000000 0.000000 0.000000 0.000000 0.000000 0.000000
0.210000 0.000000 0.000000 0.000000 0.000000 0.000000 0.000000 0.000000
0.220000 0.000000 0.000000 0.000000 0.000000 0.000000 0.000000 0.000000
0.230000 0.000000 0.000000 0.000000 0.000000 0.000000 0.000000 0.000000
0.240000 0.000000 0.000000 0.000000 0.000000 0.000000 0.000000 0.000000
0.250000 0.000000 0.000000 0.000000 0.000000 0.000000 0.000000 0.000000
0.260000 0.000000 0.000000 0.000000 0.000000 0.000000 0.000000 0.000000
0.270000 0.000000 0.000000 0.000000 0.000000 0.000000 0.000000 0.000000
0.280000 0.000000 0.000000 0.000000 0.000000 0.000000 0.000000 0.000000
0.290000 0.000000 0.000000 0.000000 0.000000 0.000000 0.000000 0.000000
0.300000 0.000000 0.000000 0.000000 0.000000 0.000000 0.000000 0.000000
0.310000 0.000000 0.000000 0.000000 0.000000 0.000000 0.000000 0.000000
0.320000 0.000000 0.000000 0.000000 0.000000 0.000000 0.000000 0.000000
0.330000 0.000000 0.000000 0.000000 0.000000 0.000000 0.000000 0.000000
0.340000 0.000000 0.000000 0.000000 0.000000 0.000000 0.000000 0.000000
0.350000 0.000000 0.000000 0.000000 0.000000 0.000000 0.000000 0.000000
0.360000 0.000000 0.000000 0.000000 0.000000 0.000000 0.000000 0.000000
0.370000 0.000000 0.000000 0.000000 0.000000 0.000000 0.000000 0.000000
0.380000 0.000000 0.000000 0.000000 0.000000 0.000000 0.000000 0.000000
0.390000 0.000000 0.000000 0.000000 0.000000 0.000000 0.000000 0.000000
0.400000 0.000000 0.000000 0.000000 0.000000 0.000000 0.000000 0.000000
0.410000 0.000000 0.000000 0.000000 0.000000 0.000000 0.000000 0.000000
0.420000 0.000000 0.000000 0.000000 0.000000 0.000000 0.000000 0.000000
0.430000 0.000000 0.000000 0.000000 0.000000 0.000000 0.000000 0.000000
0.440000 0.000000 0.000000 0.000000 0.000000 0.000000 0.000000 0.000000
0.450000 0.000000 0.000000 0.000000 0.000000 0.000000 0.000000 0.000000
0.460000 0.000000 0.000000 0.000000 0.000000 0.000000 0.000000 0.000000
0.470000 0.000000 0.000000 0.000000 0.000000 0.000000 0.000000 0.000000
0.480000 0.000000 0.000000 0.000000 0.000000 0.000000 0.000000 0.000000
0.490000 0.000000 0.000000 0.000000 0.000000 0.000000 0.000000 0.000000
0.500000 0.000000 0.000000 0.000000 0.000000 0.000000 0.000000 0.000000
0.510000 0.000000 0.000000 0.000000 0.000000 0.000000 0.000000 0.000000
0.520000 0.000000 0.000000 0.000000 0.000000 0.000000 0.000000 0.000000
0.530000 0.000000 0.000000 0.000000 0.000000 0.000000 0.000000 0.000000
0.540000 0.000000 0.000000 0.000000 0.000000 0.000000 0.000000 0.000000
0.550000 0.000000 0.000000 0.000000 0.000000 0.000000 0.000000 0.000000
0.560000 0.000000 0.000000 0.000000 0.000000 0.000000 0.000000 0.000000
0.570000 0.000000 0.000000 0.000000 0.000000 0.000000 0.000000 0.000000
0.580000 0.000000 0.000000 0.000000 0.000000 0.000000 0.000000 0.000000
0.590000 0.000000 0.000000 0.000000 0.000000 0.000000 0.000000 0.000000
0.600000 0.000000 0.000000 0.000000 0.000000 0.000000 0.000000 0.000000
0.610000 0.000000 0.000000 0.000000 0.000000 0.000000 0.000000 0.000000
0.620000 0.000000 0.000000 0.000000 0.000000 0.000000 0.000000 0.000000
0.630000 0.000000 0.000000 0.000000 0.000000 0.000000 0.000000 0.000000
0.640000 0.000000 0.000000 0.000000 0.000000 0.000000 0.000000 0.000000
0.650000 0.000000 0.000000 0.000000 0.000000 0.000000 0.000000 0.000000
0.660000 0.000000 0.000000 0.000000 0.000000 0.000000 0.000000 0.000000
0.670000 0.000000 0.000000 0.000000 0.000000 0.000000 0.000000 0.000000
0.680000 0.000000 0.000000 0.000000 0.000000 0.000000 0.000000 0.000000
0.690000 0.000000 0.000000 0.000000 0.000000 0.000000 0.000000 0.000000
0.700000 0.000000 0.000000 0.000000 0.000000 0.000000 0.000000 0.000000
0.710000 0.000000 0.000000 0.000000 0.000000 0.000000 0.000000 0.000000
0.720000 0.000000 0.000000 0.000000 0.000000 0.000000 0.000000 0.000000
0.730000 0.000000 0.000000 0.000000 0.000000 0.000000 0.000000 0.000000
0.740000 0.000000 0.000000 0.000000 0.000000 0.000000 0.000000 0.000000
0.750000 0.000000 0.000000 0.000000 0.000000 0.000000 0.000000 0.000000
0.760000 0.000000 0.000000 0.000000 0.000000 0.000000 0.000000 0.000000
0.770000 0.000000 0.000000 0.000000 0.000000 0.000000 0.000000 0.000000
0.780000 0.000000 0.000000 0.000000 0.000000 0.000000 0.000000 0.000000
0.790000 0.000000 0.000000 0.000000 0.000000 0.000000 0.000000 0.000000
0.800000 0.000000 0.000000 0.000000 0.000000 0.000000 0.000000 0.000000
0.810000 0.000000 0.000000 0.000000 0.000000 0.000000 0.000000 0.000000
0.820000 0.000000 0.000000 0.000000 0.000000 0.000000 0.000000 0.000000
0.830000 0.000000 0.000000 0.000000 0.000000 0.000000 0.000000 0.000000
0.840000 0.000000 0.000000 0.000000 0.000000 0.000000 0.000000 0.000000
0.850000 0.000000 0.000000 0.000000 0.000000 0.000000 0.000000 0.000000
0.860000 0.000000 0.000000 0.000000 0.000000 0.000000 0.000000 0.000000
0.870000 0.000000 0.000000 0.000000 0.000000 0.000000 0.000000 0.000000
0.880000 0.000000 0.000000 0.000000 0.000000 0.000000 0.000000 0.000000
0.890000 0.000000 0.000000 0.000000 0.000000 0.000000 0.000000 0.000000
0.900000 0.000000 0.000000 0.000000 0.000000 0.000000 0.000000 0.000000
0.910000 0.000000 0.000000 0.000000 0.000000 0.000000 0.000000 0.000000
0.920000 0.000000 0.000000 0.000000 0.000000 0.000000 0.000000 0.000000
0.930000 0.000000 0.000000 0.000000 0.000000 0.000000 0.000000 0.000000
0.940000 0.000000 0.000000 0.000000 0.000000 0.000000 0.000000 0.000000
0.950000 0.000000 0.000000 0.000000 0.000000 0.000000 0.000000 0.000000
0.960000 0.000000 0.000000 0.000000 0.000000 0.000000 0.000000 0.000000
0.970000 0.000000 0.000000 0.000000 0.000000 0.000000 0.000000 0.000000
0.980000 0.000000 0.000000 0.000000 0.000000 0.000000 0.000000 0.000000
0.990000 0.000000 0.000000 0.000000 0.000000 0.000000 0.000000 0.000000
1.000000 0.000000 0.000000 0.000000 0.000000 0.000000 0.000000 0.000000
1.010000 0.000000 0.000000 0.000000 0.000000 0.000000 0.000000 0.000000
1.020000 0.000000 0.000000 0.000000 0.000000 0.000000 0.000000 0.000000
1.030000 0.000000 0.000000 0.000000 0.000000 0.000000 0.000000 0.000000
1.040000 0.000000 0.000000 0.000000 0.000000 0.000000 0.000000 0.000000
1.050000 0.000000 0.000000 0.000000 0.000000 0.000000 0.000000 0.000000
1.060000 0.000000 0.000000 0.000000 0.000000 0.000000 0.000000 0.000000
1.070000 0.000000 0.000000 0.000000 0.000000 0.000000 0.000000 0.000000
1.080000 0.000000 0.000000 0.000000 0.000000 0.000000 0.000000 0.000000
1.090000 0.000000 0.000000 0.000000 0.000000 0.000000 0.000000 0.000000
1.100000 0.000000 0.000000 0.000000 0.000000 0.000000 0.000000 0.000000
1.110000 0.000000 0.000000 0.000000 0.000000 0.000000 0.000000 0.000000
1.120000 0.000000 0.000000 0.000000 0.000000 0.000000 0.000000 0.000000
1.130000 0.000000 0.000000 0.000000 0.000000 0.000000 0.000000 0.000000
1.140000 0.000000 0.000000 0.000000 0.000000 0.000000 0.000000 0.000000
1.150000 0.000000 0.000000 0.000000 0.000000 0.000000 0.000000 0.000000
1.160000 0.000000 0.000000 0.000000 0.000000 0.000000 0.000000 0.000000
1.170000 0.000000 0.000000 0.000000 0.000000 0.000000 0.000000 0.000000
1.180000 0.000000 0.000000 0.000000 0.000000 0.000000 0.000000 0.000000
1.190000 0.000000 0.000000 0.000000 0.000000 0.000000 0.000000 0.000000
1.200000 0.000000 0.000000 0.000000 0.000000 0.000000 0.000000 0.000000
1.210000 0.000000 0.000000 0.000000 0.000000 0.000000 0.000000 0.000000
1.220000 0.000000 0.000000 0.000000 0.000000 0.000000 0.000000 0.000000
1.230000 0.000000 0.000000 0.000000 0.000000 0.000000 0.000000 0.000000
1.240000 0.000000 0.000000 0.000000 0.000000 0.000000 0.000000 0.000000
1.250000 0.000000 0.000000 0.000000 0.000000 0.000000 0.000000 0.000000
1.260000 0.000000 0.000000 0.000000 0.000000 0.000000 0.000000 0.000000
1.270000 0.000000 0.000000 0.000000 0.000000 0.000000 0.000000 0.000000
1.280000 0.000000 0.000000 0.000000 0.000000 0.000000 0.000000 0.000000
1.290000 0.000000 0.000000 0.000000 0.000000 0.000000 0.000000 0.000000
1.300000 0.000000 0.000000 0.000000 0.000000 0.000000 0.000000 0.000000
1.310000 0.000000 0.000000 0.000000 0.000000 0.000000 0.000000 0.000000
1.320000 0.000000 0.000000 0.000000 0.000000 0.000000 0.000000 0.000000
1.330000 0.000000 0.000000 0.000000 0.000000 0.000000 0.000000 0.000000
1.340000 0.000000 0.000000 0.000000 0.000000 0.000000 0.000000 0.000000
1.350000 0.000000 0.000000 0.000000 0.000000 0.000000 0.000000 0.000000
1.360000 0.000000 0.000000 0.000000 0.000000 0.000000 0.000000 0.000000
1.370000 0.000000 0.000000 0.000000 0.000000 0.000000 0.000000 0.000000
1.380000 0.000000 0.000000 0.000000 0.000000 0.000000 0.000000 0.000000
1.390000 0.000000 0.000000 0.000000 0.000000 0.000000 0.000000 0.000000
1.400000 0.000000 0.000000 0.000000 0.000000 0.000000 0.000000 0.000000
1.410000 0.000000 0.000000 0.000000 0.000000 0.000000 0.000000 0.000000
1.420000 0.000000 0.000000 0.000000 0.000000 0.000000 0.000000 0.000000
1.430000 0.000000 0.000000 0.000000 0.000000 0.000000 0.000000 0.000000
1.440000 0.000000 0.000000 0.000000 0.000000 0.000000 0.000000 0.000000
1.450000 0.000000 0.000000 0.000000 0.000000 0.000000 0.000000 0.000000
1.460000 0.000000 0.000000 0.000000 0.000000 0.000000 0.000000 0.000000
1.470000 0.000000 0.000000 0.000000 0.000000 0.000000 0.000000 0.000000
1.480000 0.000000 0.000000 0.000000 0.000000 0.000000 0.000000 0.000000
1.490000 0.000000 0.000000 0.000000 0.000000 0.000000 0.000000 0.000000
1.500000 0.000000 0.000000 0.000000 0.000000 0.000000 0.000000 0.000000
1.510000 0.000000 0.000000 0.000000 0.000000 0.000000 0.000000 0.000000
1.520000 0.000000 0.000000 0.000000 0.000000 0.000000 0.000000 0.000000
1.530000 0.000000 0.000000 0.000000 0.000000 0.000000 0.000000 0.000000
1.540000 0.000000 0.000000 0.000000 0.000000 0.000000 0.000000 0.000000
1.550000 0.000000 0.000000 0.000000 0.000000 0.000000 0.000000 0.000000
1.560000 0.000000 0.000000 0.000000 0.000000 0.000000 0.000000 0.000000
1.570000 0.000000 0.000000 0.000000 0.000000 0.000000 0.000000 0.000000
1.580000 0.000000 0.000000 0.000000 0.000000 0.000000 0.000000 0.000000
1.590000 0.000000 0.000000 0.000000 0.000000 0.000000 0.000000 0.000000
1.600000 0.000000 0.000000 0.000000 0.000000 0.000000 0.000000 0.000000
1.610000 0.000000 0.000000 0.000000 0.000000 0.000000 0.000000 0.000000
1.620000 0.000000 0.000000 0.000000 0.000000 0.000000 0.000000 0.000000
1.630000 0.000000 0.000000 0.000000 0.000000 0.000000 0.000000 0.000000
1.640000 0.000000 0.000000 0.000000 0.000000 0.000000 0.000000 0.000000
1.650000 0.000000 0.000000 0.000000 0.000000 0.000000 0.000000 0.000000
1.660000 0.000000 0.000000 0.000000 0.000000 0.000000 0.000000 0.000000
1.670000 0.000000 0.000000 0.000000 0.000000 0.000000 0.000000 0.000000
1.680000 0.000000 0.000000 0.000000 0.000000 0.000000 0.000000 0.000000
1.690000 0.000000 0.000000 0.000000 0.000000 0.000000 0.000000 0.000000
1.700000 0.000000 0.000000 0.000000 0.000000 0.000000 0.000000 0.000000
1.710000 0.000000 0.000000 0.000000 0.000000 0.000000 0.000000 0.000000
1.720000 0.000000 0.000000 0.000000 0.000000 0.000000 0.000000 0.000000
1.730000 0.000000 0.000000 0.000000 0.000000 0.000000 0.000000 0.000000
1.740000 0.000000 0.000000 0.000000 0.000000 0.000000 0.000000 0.000000
1.750000 0.000000 0.000000 0.000000 0.000000 0.000000 0.000000 0.000000
1.760000 0.000000 0.000000 0.000000 0.000000 0.000000 0.000000 0.000000
1.770000 0.000000 0.000000 0.000000 0.000000 0.000000 0.000000 0.000000
1.780000 0.000000 0.000000 0.000000 0.000000 0.000000 0.000000 0.000000
1.790000 0.000000 0.000000 0.000000 0.000000 0.000000 0.000000 0.000000
1.800000 0.000000 0.000000 0.000000 0.000000 0.000000 0.000000 0.000000
1.810000 0.000000 0.000000 0.000000 0.000000 0.000000 0.000000 0.000000
1.820000 0.000000 0.000000 0.000000 0.000000 0.000000 0.000000 0.000000
1.830000 0.000000 0.000000 0.000000 0.000000 0.000000 0.000000 0.000000
1.840000 0.000000 0.000000 0.000000 0.000000 0.000000 0.000000 0.000000
1.850000 0.000000 0.000000 0.000000 0.000000 0.000000 0.000000 0.000000
1.860000 0.000000 0.000000 0.000000 0.000000 0.000000 0.000000 0.000000
1.870000 0.000000 0.000000 0.000000 0.000000 0.000000 0.000000 0.000000
1.880000 0.000000 0.000000 0.000000 0.000000 0.000000 0.000000 0.000000
1.890000 0.000000 0.000000 0.000000 0.000000 0.000000 0.000000 0.000000
1.900000 0.000000 0.000000 0.000000 0.000000 0.000000 0.000000 0.000000
1.910000 0.000000 0.000000 0.000000 0.000000 0.000000 0.000000 0.000000
1.920000 0.000000 0.000000 0.000000 0.000000 0.000000 0.000000 0.000000
1.930000 0.000000 0.000000 0.000000 0.000000 0.000000 0.000000 0.000000
1.940000 0.000000 0.000000 0.000000 0.000000 0.000000 0.000000 0.000000
1.950000 0.000000 0.000000 0.000000 0.000000 0.000000 0.000000 0.000000
1.960000 0.000000 0.000000 0.000000 0.000000 0.000000 0.000000 0.000000
1.970000 0.000000 0.000000 0.000000 0.000000 0.000000 0.000000 0.000000
1.980000 0.000000 0.000000 0.000000 0.000000 0.000000 0.000000 0.000000
1.990000 0.000000 0.000000 0.000000 0.000000 0.000000 0.000000 0.000000
2.000000 0.000000 0.000000 0.000000 0.000000 0.000000 0.000000 0.000000
2.010000 0.000000 0.000000 0.000000 0.000000 0.000000 0.000000 0.000000
2.020000 0.000000 0.000000 0.000000 0.000000 0.000000 0.000000 0.000000
2.030000 0.000000 0.000000 0.000000 0.000000 0.000000 0.000000 0.000000
2.040000 0.000000 0.000000 0.000000 0.000000 0.000000 0.000000 0.000000
2.050000 0.000000 0.000000 0.000000 0.000000 0.000000 0.000000 0.000000
2.060000 0.000000 0.000000 0.000000 0.000000 0.000000 0.000000 0.000000
2.070000 0.000000 0.000000 0.000000 0.000000 0.000000 0.000000 0.000000
2.080000 0.000000 0.000000 0.000000 0.000000 0.000000 0.000000 0.000000
2.090000 0.000000 0.000000 0.000000 0.000000 0.000000 0.000000 0.000000
2.100000 0.000000 0.000000 0.000000 0.000000 0.000000 0.000000 0.000000
2.110000 0.000000 0.000000 0.000000 0.000000 0.000000 0.000000 0.000000
2.120000 0.000000 0.000000 0.000000 0.000000 0.000000 0.000000 0.000000
2.130000 0.000000 0.000000 0.000000 0.000000 0.000000 0.000000 0.000000
2.140000 0.000000 0.000000 0.000000 0.000000 0.000000 0.000000 0.000000
2.150000 0.000000 0.000000 0.000000 0.000000 0.000000 0.000000 0.000000
2.160000 0.000000 0.000000 0.000000 0.000000 0.000000 0.000000 0.000000
2.170000 0.000000 0.000000 0.000000 0.000000 0.000000 0.000000 0.000000
2.180000 0.000000 0.000000 0.000000 0.000000 0.000000 0.000000 0.000000
2.190000 0.000000 0.000000 0.000000 0.000000 0.000000 0.000000 0.000000
2.200000 0.000000 0.000000 0.000000 0.000000 0.000000 0.000000 0.000000
2.210000 0.000000 0.000000 0.000000 0.000000 0.000000 0.000000 0.000000
2.220000 0.000000 0.000000 0.000000 0.000000 0.000000 0.000000 0.000000
2.230000 0.000000 0.000000 0.000000 0.000000 0.000000 0.000000 0.000000
2.240000 0.000000 0.000000 0.000000 0.000000 0.000000 0.000000 0.000000
2.250000 0.000000 0.000000 0.000000 0.000000 0.000000 0.000000 0.000000
2.260000 0.000000 0.000000 0.000000 0.000000 0.000000 0.000000 0.000000
2.270000 0.000000 0.000000 0.000000 0.000000 0.000000 0.000000 0.000000
2.280000 0.000000 0.000000 0.000000 0.000000 0.000000 0.000000 0.000000
2.290000 0.000000 0.000000 0.000000 0.000000 0.000000 0.000000 0.000000
2.300000 0.000000 0.000056 0.000000 0.000000 0.000000 0.000009 0.000000
2.310000 0.000000 0.004743 0.000000 0.000000 0.000000 0.000791 0.000000
2.320000 0.000000 0.048493 0.000000 0.000000 0.000000 0.008082 0.000000
2.330000 0.000000 0.270815 0.000000 0.000000 0.000000 0.045136 0.000000
2.340000 0.000000 0.953292 0.000000 0.000000 0.000000 0.158882 0.000000
2.350000 0.000000 2.283259 0.000000 0.000000 0.000000 0.380543 0.000000
2.360000 0.000000 3.875391 0.000000 0.000000 0.000000 0.645898 0.000000
2.370000 0.000000 5.117467 0.000000 0.000000 0.000000 0.853116 0.000000
2.380000 0.000000 5.771987 0.000000 0.000000 0.000000 0.963681 0.000000
2.390000 0.000000 5.968415 0.000000 0.000000 0.000000 1.003971 0.000000
2.400000 0.000000 5.997545 0.000000 0.000000 0.000000 1.033817 0.000000
2.410000 0.000000 6.000000 0.000000 0.000000 0.000000 1.097786 0.000000
2.420000 0.000000 6.000000 0.000000 0.000000 0.000000 1.211728 0.000000
2.430000 0.000000 6.000000 0.000000 0.000000 0.000000 1.372619 0.000000
2.440000 0.000000 6.000000 0.000000 0.000000 0.000000 1.543015 0.000000
2.450000 0.000000 6.000000 0.000000 0.000000 0.000000 1.697005 0.000000
2.460000 0.000000 6.000000 0.000000 0.000000 0.000000 1.844327 0.000000
2.470000 0.000000 6.000000 0.000000 0.000000 0.000000 2.001851 0.000000
2.480000 0.000000 6.000000 0.000000 0.000000 0.000000 2.179855 0.000000
2.490000 0.000000 6.000000 0.000000 0.000000 0.000000 2.368397 0.000000
2.500000 0.000000 6.000000 0.000000 0.000000 0.000000 2.548977 0.000000
2.510000 0.000000 6.000000 0.000000 0.000000 0.000000 2.710379 0.000000
2.520000 0.000000 6.000000 0.000000 0.000000 0.000000 2.830450 0.000000
2.530000 0.000000 6.000000 0.000000 0.000000 0.000000 2.910035 0.000000
2.540000 0.000000 6.000000 0.000000 0.000000 0.000000 2.953423 0.000000
2.550000 0.000000 6.000000 0.000000 0.000000 0.000000 2.973754 0.000000
2.560000 0.000000 6.000000 0.000000 0.000000 0.000000 2.982561 0.000000
2.570000 0.000000 6.000000 0.000000 0.000000 0.000000 2.986226 0.000000
2.580000 0.000000 6.000000 0.000000 0.000000 0.000000 2.988560 0.000000
2.590000 0.000000 6.000000 0.000000 0.000000 0.000000 2.990002 0.000000
2.600000 0.000000 6.000000 0.000000 0.000000 0.000000 2.991230 0.000000
2.610000 0.000000 6.000000 0.000000 0.000000 0.000000 2.992476 0.000000
2.620000 0.000000 6.000000 0.000000 0.000000 0.000000 2.993294 0.000000
2.630000 0.000000 6.000000 0.000000 0.000000 0.000000 2.994196 0.000000
2.640000 0.000000 6.000000 0.000000 0.000000 0.000000 2.994913 0.000000
2.650000 0.000000 6.000000 0.000000 0.000000 0.000000 2.995545 0.000000
2.660000 0.000000 6.000000 0.000000 0.000000 0.000000 2.996047 0.000000
2.670000 0.000000 6.000000 0.000000 0.000000 0.000000 2.996503 0.000000
2.680000 0.000000 6.000000 0.000000 0.000000 0.000000 2.996866 0.000000
2.690000 0.000000 6.000000 0.000000 0.000000 0.000000 2.997163 0.000000
2.700000 0.000019 6.000000 0.000000 0.000000 0.000000 2.997489 0.000000
2.710000 0.000019 6.000000 0.000000 0.000000 0.000000 2.997749 0.000000
2.720000 0.000037 6.000000 0.000000 0.000000 0.000223 2.998010 0.000037
2.730000 0.000037 6.000000 0.000000 0.000000 0.000725 2.998214 0.000121
2.740000 0.000037 6.000000 0.000000 0.000000 0.002176 2.998391 0.000363
2.750000 0.000037 6.000000 0.000000 0.000000 0.004911 2.998465 0.000818
2.760000 0.000037 6.000000 0.000000 0.000000 0.009766 2.998624 0.001628
2.770000 0.000037 6.000000 0.000000 0.000000 0.017522 2.998689 0.002920
2.780000 0.000056 6.000000 0.000000 0.000000 0.028739 2.998782 0.004790
2.790000 0.000093 6.000000 0.000000 0.000000 0.042578 2.998893 0.007096
2.800000 0.000316 6.000000 0.000000 0.000000 0.057757 2.998996 0.009626
2.810000 0.001060 6.000000 0.000000 0.000000 0.072768 2.999089 0.012128
2.820000 0.003702 6.000000 0.000000 0.000000 0.092467 2.999172 0.015411
2.830000 0.010119 6.000000 0.000000 0.000000 0.111217 2.999237 0.018536
2.840000 0.023698 6.000000 0.000000 0.000000 0.128292 2.999284 0.021382
2.850000 0.045387 6.000000 0.000000 0.000000 0.144643 2.999302 0.024107
2.860000 0.076674 6.000000 0.000000 0.000000 0.162612 2.999349 0.027102
2.870000 0.118136 6.000000 0.000000 0.000000 0.185770 2.999433 0.030962
2.880000 0.168043 6.000000 0.000000 0.000000 0.222824 2.999488 0.037137
2.890000 0.224349 6.000000 0.000000 0.000000 0.277121 2.999507 0.046187
2.900000 0.283240 6.000000 0.000000 0.000000 0.360603 2.999544 0.060100
2.910000 0.337835 6.000000 0.000000 0.000000 0.470536 2.999591 0.078423
2.920000 0.387202 6.000000 0.000000 0.000000 0.618694 2.999656 0.103116
2.930000 0.429632 6.000000 0.000000 0.000000 0.793527 2.999693 0.132254
2.940000 0.467262 6.000000 0.000000 0.000000 1.003460 2.999712 0.167243
2.950000 0.496633 6.000000 0.000000 0.000000 1.246038 2.999767 0.207673
2.960000 0.521522 6.000000 0.000000 0.000000 1.512054 2.999786 0.252009
2.970000 0.542299 6.000000 0.000000 0.000000 1.796038 2.999814 0.299340
2.980000 0.561217 6.000000 0.000000 0.000000 2.088337 2.999860 0.348056
2.990000 0.578255 6.000000 0.000000 0.000000 2.386830 2.999879 0.397805
3.000000 0.592857 6.000000 0.000000 0.000000 2.677511 2.999907 0.446252
3.010000 0.607031 6.000000 0.000000 0.000000 2.956306 2.999953 0.492718
3.020000 0.621019 6.000000 0.000000 0.000000 3.225391 2.999991 0.537565
3.030000 0.633482 6.000000 0.000000 0.000000 3.473437 3.000000 0.578906
3.040000 0.646801 6.000000 0.000000 0.000000 3.703181 3.000009 0.617197
3.050000 0.659003 6.000000 0.000000 0.000000 3.914844 3.000047 0.652474
3.060000 0.671019 6.000000 0.000000 0.000000 4.109989 3.000093 0.684998
3.070000 0.683296 6.000000 0.000000 0.000000 4.278627 3.000112 0.713105
3.080000 0.694606 6.000000 0.000000 0.000000 4.434040 3.000140 0.739007
3.090000 0.706417 6.000000 0.000000 0.000000 4.569699 3.000158 0.761616
3.100000 0.718601 6.000000 0.000000 0.000000 4.692969 3.000186 0.782161
3.110000 0.731324 6.000000 0.000000 0.000000 4.796261 3.000214 0.799377
3.120000 0.745387 6.000000 0.000000 0.000000 4.896540 3.000242 0.816090
3.130000 0.759952 6.000000 0.000000 0.000000 4.983873 3.000307 0.830645
3.140000 0.776786 6.000000 0.000000 0.000000 5.058705 3.000372 0.843118
3.150000 0.796075 6.000000 0.000000 0.000000 5.126618 3.000428 0.854436
3.160000 0.819159 6.000000 0.000000 0.000000 5.187277 3.000446 0.864546
3.170000 0.844401 6.000000 0.000000 0.000000 5.240681 3.000493 0.873447
3.180000 0.875167 6.000000 0.000000 0.000000 5.288728 3.000539 0.881455
3.190000 0.909635 6.000000 0.000000 0.000000 5.335658 3.000558 0.889276
3.200000 0.950223 6.000000 0.000000 0.000000 5.379297 3.000623 0.896549
3.210000 0.995406 6.000000 0.000000 0.000000 5.419699 3.000670 0.903283
3.220000 1.047340 6.000000 0.000000 0.000000 5.456194 3.000716 0.909366
3.230000 1.102939 6.000000 0.000000 0.000000 5.487612 3.000753 0.914602
3.240000 1.163802 6.000000 0.000000 0.000000 5.515625 3.000800 0.919271
3.250000 1.228516 6.000000 0.000000 0.000000 5.541239 3.000865 0.923540
3.260000 1.295573 6.000000 0.000000 0.000000 5.565067 3.000967 0.927511
3.270000 1.364639 6.000000 0.000000 0.000000 5.590234 3.001023 0.931706
3.280000 1.437816 6.000000 0.000000 0.000000 5.613393 3.001070 0.935565
3.290000 1.513263 6.000000 0.000000 0.000000 5.634542 3.001144 0.939090
3.300000 1.588895 6.000000 0.000000 0.000000 5.654464 3.001228 0.942411
3.310000 1.667001 6.000000 0.000000 0.000000 5.673270 3.001311 0.945545
3.320000 1.747228 6.000000 0.000000 0.000000 5.690737 3.001404 0.948456
3.330000 1.831529 6.000000 0.000000 0.000000 5.707645 3.001479 0.951274
3.340000 1.918341 6.000000 0.000000 0.000000 5.723493 3.001618 0.953916
3.350000 2.007533 6.000000 0.000000 0.000000 5.738560 3.001702 0.956427
3.360000 2.097619 6.000000 0.000000 0.000000 5.751842 3.001851 0.958640
3.370000 2.187853 6.000000 0.000000 0.000000 5.765179 3.001962 0.960863
3.380000 2.278962 6.000000 0.000000 0.000000 5.778683 3.002102 0.963114
3.390000 2.372563 6.000000 0.000000 0.000000 5.792857 3.002269 0.965476
3.400000 2.463821 6.000000 0.000000 0.000000 5.804353 3.002437 0.967392
3.410000 2.559319 6.000000 0.000000 0.000000 5.817132 3.002679 0.969522
3.420000 2.658464 6.000000 0.000000 0.000000 5.829743 3.002976 0.971624
3.430000 2.758984 6.000000 0.000000 0.000000 5.840737 3.003376 0.973456
3.440000 2.862444 6.000000 0.000000 0.000000 5.851004 3.003655 0.975167
3.450000 2.963132 6.000000 0.000000 0.000000 5.862612 3.003916 0.977102
3.460000 3.066592 6.000000 0.000000 0.000000 5.871484 3.004204 0.978581
3.470000 3.170666 6.000000 0.000000 0.000000 5.881473 3.004678 0.980246
3.480000 3.270517 6.000000 0.000000 0.000000 5.891239 3.005022 0.981873
3.490000 3.367764 6.000000 0.000000 0.000000 5.901507 3.005432 0.983584
3.500000 3.458054 6.000000 0.000000 0.000000 5.912054 3.005850 0.985342
3.510000 3.544234 6.000000 0.000000 0.000000 5.922042 3.006278 0.987007
3.520000 3.622191 6.000000 0.000000 0.000000 5.931473 3.006780 0.988579
3.530000 3.695164 6.000000 0.000000 0.000000 5.940848 3.007208 0.990141
3.540000 3.760472 6.000000 0.000000 0.000000 5.950558 3.007757 0.991760
3.550000 3.818229 6.000000 0.000000 0.000000 5.961049 3.008408 0.993508
3.560000 3.869271 6.000000 0.000000 0.000000 5.969810 3.009170 0.994968
3.570000 3.914918 6.000000 0.000000 0.000000 5.979688 3.010054 0.996615
3.580000 3.956548 6.000000 0.000000 0.000000 5.989230 3.011189 0.998205
3.590000 3.995331 6.000000 0.000000 0.000000 5.998828 3.012807 0.999805
3.600000 4.031585 6.000000 0.000000 0.000000 6.008036 3.015076 1.001339
3.610000 4.066927 6.000000 0.000000 0.000000 6.018359 3.017913 1.003060
3.620000 4.099516 6.000000 0.000000 0.000000 6.029018 3.021280 1.004836
3.630000 4.132385 6.000000 0.000000 0.000000 6.038728 3.025837 1.006455
3.640000 4.166164 6.000000 0.000000 0.000000 6.048717 3.032161 1.008119
3.650000 4.198158 6.000000 0.000000 0.000000 6.058761 3.039304 1.009794
3.660000 4.230859 6.000000 0.000000 0.000000 6.070480 3.048214 1.011747
3.670000 4.265439 6.000000 0.000000 0.000000 6.082868 3.058770 1.013811
3.680000 4.300577 6.000000 0.000000 0.000000 6.093471 3.071856 1.015578
3.690000 4.335510 6.000000 0.000000 0.000000 6.103683 3.087974 1.017281
3.700000 4.370313 6.000000 0.000000 0.000000 6.114174 3.106715 1.019029
3.710000 4.405804 6.000000 0.000000 0.000000 6.124777 3.128060 1.020796
3.720000 4.443973 6.000000 0.000000 0.000000 6.136384 3.152920 1.022731
3.730000 4.483166 6.000000 0.000000 0.000000 6.148717 3.181399 1.024786
3.740000 4.522247 6.000000 0.000000 0.000000 6.160993 3.211970 1.026832
3.750000 4.562705 6.000000 0.000000 0.000000 6.174107 3.246968 1.029018
3.760000 4.603441 6.000000 0.000000 0.000000 6.185770 3.284701 1.030962
3.770000 4.642113 6.000000 0.000000 0.000000 6.199275 3.326125 1.033212
3.780000 4.680301 6.000000 0.000000 0.000000 6.215011 3.369289 1.035835
3.790000 4.718601 6.000000 0.000000 0.000000 6.229743 3.414918 1.038291
3.800000 4.756603 6.000000 0.000000 0.000000 6.246373 3.462640 1.041062
3.810000 4.792281 6.000000 0.000000 0.000000 6.264509 3.514063 1.044085
3.820000 4.826600 6.000000 0.000000 0.000000 6.283315 3.566769 1.047219
3.830000 4.860565 6.000000 0.000000 0.000000 6.304129 3.620303 1.050688
3.840000 4.891908 6.000000 0.000000 0.000000 6.323438 3.676907 1.053906
3.850000 4.922731 6.000000 0.000000 0.000000 6.346038 3.735138 1.057673
3.860000 4.951488 6.000000 0.000000 0.000000 6.370033 3.794066 1.061672
3.870000 4.981734 6.000000 0.000000 0.000000 6.396484 3.853683 1.066081
3.880000 5.012928 6.000000 0.000000 0.000000 6.422600 3.914416 1.070433
3.890000 5.044029 6.000000 0.000000 0.000000 6.453181 3.977651 1.075530
3.900000 5.078237 6.000000 0.000000 0.000000 6.484431 4.040048 1.080738
3.910000 5.114490 6.000000 0.000000 0.000000 6.521261 4.103246 1.086877
3.920000 5.152381 6.000000 0.000000 0.000000 6.558315 4.165374 1.093052
3.930000 5.195238 6.000000 0.000000 0.000000 6.597377 4.228981 1.099563
3.940000 5.241629 6.000000 0.000000 0.000000 6.643750 4.291974 1.107292
3.950000 5.290197 6.000000 0.000000 0.000000 6.688114 4.354604 1.114686
3.960000 5.340867 6.000000 0.000000 0.000000 6.736272 4.415048 1.122712
3.970000 5.394606 6.000000 0.000000 0.000000 6.785435 4.474154 1.130906
3.980000 5.450800 6.000000 0.000000 0.000000 6.838393 4.531315 1.139732
3.990000 5.512035 6.000000 0.000000 0.000000 6.894922 4.585863 1.149154
4.000000 5.572731 6.000000 0.000000 0.000000 6.957533 4.638309 1.159589
4.010000 5.635975 6.000000 0.000000 0.000000 7.020536 4.688300 1.170089
4.020000 5.702195 6.000000 0.000000 0.000000 7.088225 4.736133 1.181371
4.030000 5.769792 6.000000 0.000000 0.000000 7.163504 4.780562 1.193917
4.040000 5.839156 6.000000 0.000000 0.000000 7.239062 4.821856 1.206510
4.050000 5.907496 6.000000 0.000000 0.000000 7.317690 4.860221 1.219615
4.060000 5.978348 6.000000 0.000000 0.000000 7.399665 4.896596 1.233278
4.070000 6.050279 6.000000 0.000000 0.000000 7.493080 4.931464 1.248847
4.080000 6.119159 6.000000 0.000000 0.000000 7.586998 4.962788 1.264500
4.090000 6.190867 6.000000 0.000000 0.000000 7.681641 4.992708 1.280273
4.100000 6.262891 6.000000 0.000000 0.000000 7.780971 5.020861 1.296828
4.110000 6.335993 6.000000 0.000000 0.000000 7.885603 5.047852 1.314267
4.120000 6.409784 6.000000 0.000000 0.000000 7.988560 5.074302 1.331427
4.130000 6.486272 6.000000 0.000000 0.000000 8.092243 5.100530 1.348707
4.140000 6.562426 6.000000 0.000000 0.000000 8.200893 5.127474 1.366815
4.150000 6.639546 6.000000 0.000000 0.000000 8.314565 5.156352 1.385761
4.160000 6.719810 6.000000 0.000000 0.000000 8.434152 5.186170 1.405692
4.170000 6.799888 6.000000 0.000000 0.000000 8.551228 5.217708 1.425205
4.180000 6.880078 6.000000 0.000000 0.000000 8.673270 5.251376 1.445545
4.190000 6.958687 6.000000 0.000000 0.000000 8.793415 5.286458 1.465569
4.200000 7.037258 6.000000 0.000000 0.000000 8.913281 5.324089 1.485547
4.210000 7.112407 6.000000 0.000000 0.000000 9.040346 5.364648 1.506724
4.220000 7.187240 6.000000 0.000000 0.000000 9.164788 5.407766 1.527465
4.230000 7.257068 6.000000 0.000000 0.000000 9.289900 5.454641 1.548317
4.240000 7.322396 6.000000 0.000000 0.000000 9.414844 5.503897 1.569141
4.250000 7.384226 6.000000 0.000000 0.000000 9.541853 5.555999 1.590309
4.260000 7.441722 6.000000 0.000000 0.000000 9.666685 5.609998 1.611114
4.270000 7.494866 6.000000 0.000000 0.000000 9.790402 5.666620 1.631734
4.280000 7.544401 6.000000 0.000000 0.000000 9.913504 5.727930 1.652251
4.290000 7.592169 6.000000 0.000000 0.000000 10.034654 5.791620 1.672442
4.300000 7.635268 6.000000 0.000000 0.000000 10.156641 5.858575 1.692773
4.310000 7.675130 6.000000 0.000000 0.000000 10.273605 5.930236 1.712267
4.320000 7.715272 6.000000 0.000000 0.000000 10.387667 6.007068 1.731278
4.330000 7.753516 6.000000 0.000000 0.000000 10.496596 6.087574 1.749433
4.340000 7.791778 6.000000 0.000000 0.000000 10.602400 6.173428 1.767067
4.350000 7.827790 6.000000 0.000000 0.000000 10.703516 6.265830 1.783919
4.360000 7.863077 6.000000 0.000000 0.000000 10.797321 6.363849 1.799554
4.370000 7.899665 6.000000 0.000000 0.000000 10.892299 6.465020 1.815383
4.380000 7.937835 6.000000 0.000000 0.000000 10.983259 6.570573 1.830543
4.390000 7.974107 6.000000 0.000000 0.000000 11.064900 6.677530 1.844150
4.400000 8.011775 6.000000 0.000000 0.000000 11.144810 6.789509 1.857468
4.410000 8.049870 6.000000 0.000000 0.000000 11.220145 6.901683 1.870024
4.420000 8.088058 6.000000 0.000000 0.000000 11.289900 7.013049 1.881650
4.430000 8.125893 6.000000 0.000000 0.000000 11.355190 7.120108 1.892532
4.440000 8.164156 6.000000 0.000000 0.000000 11.411161 7.224879 1.901860
4.450000 8.202623 6.000000 0.000000 0.000000 11.467132 7.321819 1.911189
4.460000 8.242727 6.000000 0.000000 0.000000 11.514453 7.413449 1.919076
4.470000 8.281845 6.000000 0.000000 0.000000 11.559821 7.499033 1.926637
4.480000 8.320759 6.000000 0.000000 0.000000 11.597377 7.575716 1.932896
4.490000 8.360863 6.000000 0.000000 0.000000 11.633482 7.643741 1.938914
4.500000 8.400763 6.000000 0.000000 0.000000 11.665234 7.703460 1.944206
4.510000 8.441648 6.000000 0.000000 0.000000 11.693080 7.754641 1.948847
4.520000 8.481138 6.000000 0.000000 0.000000 11.718080 7.797480 1.953013
4.530000 8.520945 6.000000 0.000000 0.000000 11.739732 7.835231 1.956622
4.540000 8.561105 6.000000 0.000000 0.000000 11.756194 7.865718 1.959366
4.550000 8.600911 6.000000 0.000000 0.000000 11.770703 7.890402 1.961784
4.560000 8.640941 6.000000 0.000000 0.000000 11.784152 7.909849 1.964025
4.570000 8.677586 6.000000 0.000000 0.000000 11.795089 7.926423 1.965848
4.580000 8.715513 6.000000 0.000000 0.000000 11.804687 7.940858 1.967448
4.590000 8.751376 6.000000 0.000000 0.000000 11.812946 7.952976 1.968824
4.600000 8.784059 6.000000 0.000000 0.000000 11.819587 7.963737 1.969931
4.610000 8.817987 6.000000 0.000000 0.000000 11.825112 7.972833 1.970852
4.620000 8.856864 6.000056 0.000000 0.000000 11.829520 7.982478 1.971587
4.630000 8.908743 6.000167 0.000000 0.000000 11.832589 7.992383 1.972098
4.640000 8.991202 6.000335 0.000000 0.000000 11.835826 8.002241 1.972638
4.650000 9.121112 6.000558 0.000000 0.000000 11.838895 8.012779 1.973149
4.660000 9.297042 6.000725 0.000000 0.000000 11.840792 8.024991 1.973465
4.670000 9.496559 6.000949 0.000000 0.000000 11.842801 8.038365 1.973800
4.680000 9.687946 6.001618 0.000000 0.000000 11.844475 8.053097 1.974079
4.690000 9.842429 6.002121 0.000000 0.000000 11.846317 8.069829 1.974386
4.700000 9.946001 6.002734 0.000000 0.000000 11.847489 8.089351 1.974581
4.710000 10.007403 6.003795 0.000000 0.000000 11.848828 8.109263 1.974805
4.720000 10.044029 6.005301 0.000000 0.000000 11.849944 8.132692 1.974991
4.730000 10.067913 6.006864 0.000000 0.000000 11.851004 8.158305 1.975167
4.740000 10.087221 6.009208 0.000000 0.000000 11.852288 8.186598 1.975381
4.750000 10.104390 6.011942 0.000000 0.000000 11.853292 8.217439 1.975549
4.760000 10.118341 6.015569 0.000000 0.000000 11.854632 8.250140 1.975772
4.770000 10.130934 6.019587 0.000000 0.000000 11.855413 8.286496 1.975902
4.780000 10.143452 6.023772 0.000000 0.000000 11.856696 8.323633 1.976116
4.790000 10.156492 6.029241 0.000000 0.000000 11.858147 8.364369 1.976358
4.800000 10.168359 6.035826 0.000000 0.000000 11.859487 8.406966 1.976581
4.810000 10.182068 6.041071 0.000000 0.000000 11.860603 8.451460 1.976767
4.820000 10.195182 6.046931 0.000000 0.000000 11.861551 8.497331 1.976925
4.830000 10.208612 6.053571 0.000000 0.000000 11.862612 8.545554 1.977102
4.840000 10.222526 6.061440 0.000000 0.000000 11.863449 8.595861 1.977241
4.850000 10.236421 6.069866 0.000000 0.000000 11.864509 8.647024 1.977418
4.860000 10.252009 6.076674 0.000000 0.000000 11.866127 8.699619 1.977688
4.870000 10.268359 6.085770 0.000000 0.000000 11.867913 8.754074 1.977985
4.880000 10.286570 6.093917 0.000000 0.000000 11.869364 8.809626 1.978227
4.890000 10.306994 6.102623 0.000000 0.000000 11.871540 8.867811 1.978590
4.900000 10.327381 6.110547 0.000000 0.000000 11.872768 8.926051 1.978795
4.910000 10.349926 6.117076 0.000000 0.000000 11.874777 8.985259 1.979129
4.920000 10.374888 6.122266 0.000000 0.000000 11.876618 9.046456 1.979436
4.930000 10.401339 6.126451 0.000000 0.000000 11.878850 9.109049 1.979808
4.940000 10.429557 6.130357 0.000000 0.000000 11.881362 9.171177 1.980227
4.950000 10.461384 6.133426 0.000000 0.000000 11.883259 9.235296 1.980543
4.960000 10.493806 6.136272 0.000000 0.000000 11.886551 9.299777 1.981092
4.970000 10.529353 6.138728 0.000000 0.000000 11.890569 9.363309 1.981762
4.980000 10.567467 6.140848 0.000000 0.000000 11.893973 9.425586 1.982329
4.990000 10.608594 6.142299 0.000000 0.000000 11.897377 9.486756 1.982896
5.000000 10.608594 6.142299 0.000000 0.000000 11.897377 9.486756 1.982896
