r "24g (24g)" "48h (48h)" "48h* (48h*)" "48h (48h,48h*)" "48h* (48h,48h*)"
0.0025 0.0 0.0 0.0 0.0 0.0
0.0075 0.0 0.00496031746031746 0.0 0.007209675384365819 0.0
0.012499999999999999 0.0 0.0024801587301587305 0.0 0.00360483769218291 0.0
0.0175 0.0 0.007440476190476189 0.0 0.010814513076548727 0.0
0.022500000000000003 0.00248015873015873 0.014880952380952378 0.0 0.021629026153097454 0.0
0.0275 0.0024801587301587318 0.03968253968253971 0.0024801587301587318 0.05767740307492658 0.007949441551730996
0.0325 0.007440476190476183 0.04960317460317456 0.004960317460317456 0.07209675384365813 0.015898883103461967
0.0375 0.009920634920634927 0.04960317460317463 0.0049603174603174635 0.07209675384365823 0.01589888310346199
0.042499999999999996 0.012400793650793657 0.04960317460317463 0.0049603174603174635 0.07209675384365823 0.01589888310346199
0.0475 0.017361111111111098 0.08432539682539675 0.002480158730158728 0.12256448153421881 0.007949441551730984
0.0525 0.012400793650793657 0.10912698412698417 0.0024801587301587318 0.15861285845604808 0.007949441551730996
0.057499999999999996 0.01736111111111112 0.10664682539682545 0.01736111111111112 0.15500802076386516 0.05564609086211696
0.0625 0.014880952380952366 0.10168650793650785 0.019841269841269823 0.14779834537949915 0.06359553241384787
0.0675 0.01240079365079364 0.1314484126984126 0.002480158730158728 0.19105639768569405 0.007949441551730984
0.0725 0.022321428571428614 0.12648809523809548 0.012400793650793674 0.18384672230132873 0.039747207758655034
0.0775 0.034722222222222196 0.16369047619047605 0.009920634920634911 0.23791928768407183 0.031797766206923934
0.0825 0.03224206349206346 0.1785714285714284 0.014880952380952366 0.25954831383716925 0.0476966493103859
0.0875 0.03224206349206355 0.21825396825396867 0.01488095238095241 0.3172257169120966 0.04769664931038604
0.0925 0.029761904761904732 0.23809523809523786 0.02480158730158728 0.346064418449559 0.07949441551730983
0.0975 0.027281746031746008 0.23313492063492042 0.007440476190476183 0.33885474306519314 0.02384832465519295
0.1025 0.02480158730158735 0.34970238095238165 0.03720238095238102 0.5082821145977913 0.11924162327596508
0.1075 0.04712301587301583 0.3546626984126981 0.029761904761904732 0.5154917899821556 0.0953932986207718
0.1125 0.0446428571428571 0.3273809523809521 0.039682539682539646 0.47583857536814367 0.12719106482769574
0.1175 0.02976190476190482 0.3968253968253976 0.027281746031746084 0.5767740307492666 0.08744385706904106
0.1225 0.039682539682539646 0.4166666666666663 0.06696428571428566 0.6056127322867283 0.21463492189673658
0.1275 0.042162698412698374 0.48363095238095194 0.0446428571428571 0.7029433499756667 0.1430899479311577
0.1325 0.042162698412698374 0.5208333333333329 0.02480158730158728 0.7570159153584103 0.07949441551730983
0.1375 0.04712301587301583 0.4786706349206345 0.04712301587301583 0.6957336745913009 0.1510393894828887
0.1425 0.059523809523809805 0.5109126984127007 0.06448412698412728 0.7425965645896827 0.20668548034500675
0.1475 0.059523809523809465 0.5084325396825392 0.06448412698412692 0.7389917268974958 0.20668548034500558
0.1525 0.04960317460317456 0.5977182539682534 0.05704365079365075 0.8687658838160804 0.18283715568981265
0.1575 0.0620039682539682 0.6101190476190471 0.05704365079365075 0.8867900722769949 0.18283715568981265
0.1625 0.05704365079365075 0.6051587301587296 0.08680555555555548 0.8795803968926291 0.2782304543105844
0.1675 0.034722222222222196 0.6299603174603169 0.08680555555555548 0.9156287738144582 0.2782304543105844
0.17250000000000001 0.06696428571428566 0.6969246031746026 0.08680555555555548 1.0129593915033965 0.2782304543105844
0.1775 0.06200396825396855 0.7291666666666701 0.07440476190476225 1.0598222815017804 0.23848324655193084
0.1825 0.10168650793650785 0.7465277777777771 0.08680555555555548 1.0850561453470549 0.2782304543105844
0.1875 0.08432539682539675 0.7242063492063485 0.12896825396825384 1.0526126061174086 0.41337096069001117
0.1925 0.08184523809523803 0.8630952380952374 0.09424603174603166 1.2544835168796515 0.3020787789657774
0.1975 0.06696428571428566 0.8085317460317453 0.10912698412698403 1.1751770876516274 0.3497754282761633
0.2025 0.07440476190476183 0.8407738095238088 0.14136904761904748 1.2220399776500053 0.45311816844866604
0.2075 0.08432539682539722 0.8556547619047659 0.11656746031746086 1.2436690038031095 0.3736237529313583
0.2125 0.09672619047619038 0.9250992063492054 0.16121031746031733 1.3446044591842239 0.516713700862514
0.2175 0.07440476190476183 0.8457341269841263 0.14880952380952367 1.229249653034371 0.476966493103859
0.2225 0.07440476190476183 1.0367063492063484 0.14632936507936495 1.5068221553324548 0.46901705155212803
0.2275 0.08432539682539675 1.039186507936507 0.1240079365079364 1.5104269930246377 0.3974720775865492
0.2325 0.10168650793650785 1.0218253968253959 0.15376984126984114 1.4851931291793574 0.492865376207321
0.2375 0.07936507936507974 1.1061507936507988 0.19345238095238185 1.6077576107135851 0.6200564410350202
0.2425 0.1140873015873015 1.1706349206349196 0.1760912698412697 1.7014833907103317 0.5644103501728999
0.2475 0.10664682539682531 1.121031746031745 0.16121031746031733 1.6293866368666734 0.516713700862514
0.2525 0.12896825396825384 1.1879960317460307 0.228174603174603 1.726717254555612 0.7313486227592506
0.2575 0.08184523809523803 1.1557539682539673 0.19345238095238076 1.6798543645572341 0.6200564410350167
0.2625 0.10416666666666657 1.1681547619047608 0.22569444444444425 1.6978785530181488 0.7233991812075196
0.2675 0.11160714285714277 1.138392857142856 0.21329365079365062 1.6546205007119539 0.6836519734488646
0.2725 0.09672619047619038 1.2003968253968242 0.24553571428571405 1.7447414430165267 0.7869947136213674
0.2775 0.10912698412698403 1.1408730158730147 0.24305555555555533 1.6582253384041368 0.7790452720696364
0.28250000000000003 0.10912698412698403 1.2227182539682528 0.2405753968253966 1.7771849822461727 0.7710958305179054
0.2875 0.11904761904762026 1.2251984126984252 0.28025793650793934 1.7807898199383754 0.8982868953456111
0.2925 0.11656746031746021 1.1731150793650782 0.33482142857142827 1.7050882284025146 1.0731746094836827
0.2975 0.12896825396825384 1.2971230158730147 0.3124999999999997 1.88533011301166 1.001629635518104
0.3025 0.0892857142857142 1.2003968253968242 0.34226190476190443 1.7447414430165267 1.0970229341388757
0.3075 0.09672619047619038 1.2326388888888877 0.34226190476190443 1.7916043330149045 1.0970229341388757
0.3125 0.10912698412698403 1.202876984126983 0.3397817460317457 1.7483462807087096 1.0890734925871448
0.3175 0.10168650793650785 1.3070436507936498 0.34474206349206316 1.8997494637803918 1.1049723756906067
0.3225 0.09424603174603166 1.3244047619047608 0.337301587301587 1.9249833276256718 1.0811240510354136
0.3275 0.11904761904761893 1.2450396825396814 0.337301587301587 1.809628521475819 1.0811240510354136
0.3325 0.11904761904761893 1.2797619047619038 0.34474206349206316 1.8600962491663797 1.1049723756906067
0.3375 0.10416666666666657 1.2003968253968242 0.48363095238095194 1.7447414430165267 1.5501411025875418
0.3425 0.11656746031746021 1.3244047619047608 0.4067460317460314 1.9249833276256718 1.3037084144838813
0.34750000000000003 0.11160714285714277 1.249999999999999 0.38690476190476153 1.8168381968601848 1.2401128820700333
0.3525 0.11656746031746151 1.2822420634920766 0.4613095238095285 1.8637010868585833 1.4785961286219793
0.3575 0.09424603174603166 1.3368055555555542 0.46130952380952334 1.9430075160865863 1.4785961286219629
0.3625 0.14880952380952367 1.2326388888888877 0.4141865079365076 1.7916043330149045 1.3275567391390743
0.3675 0.12648809523809512 1.3988095238095226 0.4960317460317456 2.0331284583911593 1.5898883103461967
0.3725 0.1240079365079364 1.2822420634920624 0.473710317460317 1.8637010868585626 1.5183433363806178
0.3775 0.1240079365079364 1.2450396825396814 0.456349206349206 1.809628521475819 1.4626972455185012
0.3825 0.12152777777777767 1.3665674603174591 0.5208333333333329 1.9862655683927812 1.6693827258635066
0.3875 0.11656746031746021 1.2152777777777768 0.48363095238095194 1.766370469169624 1.5501411025875418
0.3925 0.13640873015873003 1.3442460317460305 0.5084325396825392 1.9538220291631352 1.6296355181048516
0.3975 0.1512896825396824 1.2251984126984117 0.5431547619047614 1.7807898199383556 1.7409276998290855
0.4025 0.16369047619047605 1.339285714285713 0.5580357142857139 1.9466123537787692 1.7886243491394715
0.40750000000000003 0.14880952380952367 1.2599206349206338 0.5753968253968249 1.8312575476289163 1.8442704400015881
0.41250000000000003 0.1240079365079364 1.38392857142857 0.5332341269841265 2.0114994322380615 1.7091299336221617
0.4175 0.11904761904762026 1.3020833333333466 0.5828373015873075 1.8925397883960469 1.868118764656802
0.4225 0.12152777777777767 1.2475198412698403 0.5729166666666661 1.8132333591680019 1.8363209984498572
0.4275 0.1240079365079364 1.294642857142856 0.5605158730158725 1.881725275319477 1.7965737906912023
0.4325 0.15376984126984114 1.3144841269841259 0.592757936507936 1.9105639768569405 1.8999165308637052
0.4375 0.14136904761904748 1.3293650793650782 0.6696428571428565 1.9321930030100376 2.1463492189673654
0.4425 0.12152777777777767 1.2549603174603163 0.6274801587301582 1.8240478722445506 2.0112087125879388
0.4475 0.15376984126984114 1.2723214285714275 0.592757936507936 1.849281736089831 1.8999165308637052
0.4525 0.1314484126984126 1.2276785714285703 0.6597222222222217 1.7843946576305385 2.1145514527604417
0.4575 0.16369047619047605 1.2425595238095228 0.6051587301587296 1.806023683783636 1.93966373862236
0.4625 0.13640873015873003 1.294642857142856 0.6225198412698407 1.881725275319477 1.9953098294844769
0.4675 0.18353174603174588 1.1532738095238084 0.6101190476190471 1.6762495268650512 1.955562621725822
0.47250000000000003 0.19097222222222204 1.2475198412698403 0.6498015873015868 1.8132333591680019 2.082753686553518
0.4775 0.223214285714288 1.1284722222222339 0.6125992063492126 1.6402011499432405 1.9635120632775747
0.4825 0.16369047619047605 1.1631944444444433 0.7564484126984121 1.690668877633783 2.4245796732779503
0.4875 0.1860119047619046 1.2301587301587291 0.6547619047619042 1.7879994953227216 2.0986525696569798
0.4925 0.19097222222222204 1.185515873015872 0.6423611111111106 1.723112416863429 2.058905361898325
0.4975 0.20089285714285696 1.1656746031746021 0.620039682539682 1.694273715325966 1.987360387932746
0.5025000000000001 0.1959325396825395 1.1681547619047608 0.6820436507936501 1.6978785530181488 2.1860964267260203
0.5075000000000001 0.14632936507936495 1.1904761904761894 0.7142857142857136 1.7303220922477949 2.2894391668985232
0.5125000000000001 0.19841269841269824 1.2202380952380942 0.6696428571428565 1.7735801445539898 2.1463492189673654
0.5175000000000001 0.23809523809523786 1.1408730158730147 0.7490079365079358 1.6582253384041368 2.4007313486227573
0.5225000000000001 0.21577380952380934 1.1086309523809514 0.6076388888888884 1.6113624484057592 1.947613180174091
0.5275000000000001 0.25545634920634896 1.0912698412698403 0.6845238095238089 1.586128584560479 2.1940458682777515
0.5325000000000001 0.23561507936507914 1.0515873015873007 0.7440476190476184 1.5284511814855524 2.3848324655192954
0.5375000000000001 0.24305555555555533 1.0739087301587293 0.6522817460317455 1.5608947207151984 2.090703128105249
0.5425000000000001 0.2579365079365077 1.0193452380952372 0.6448412698412693 1.4815882914871745 2.066854803450056
0.5475000000000001 0.21329365079365062 1.0615079365079356 0.6522817460317455 1.542870532254284 2.090703128105249
0.5525000000000001 0.23809523809523786 1.0838293650793642 0.6994047619047613 1.5753140714839302 2.2417425175881376
0.5575000000000001 0.22569444444444425 1.0515873015873007 0.6969246031746026 1.5284511814855524 2.2337930760364064
0.5625000000000001 0.2579365079365077 0.9226190476190467 0.7663690476190469 1.340999621492041 2.456377439484874
0.5675000000000001 0.26041666666666646 1.0590277777777768 0.6349206349206343 1.539265694562101 2.035057037243132
0.5725000000000001 0.28273809523809496 0.9871031746031736 0.620039682539682 1.4347254014887967 1.987360387932746
0.5775 0.24553571428571952 0.9697420634920842 0.6572420634920775 1.4094915376435477 2.1066020112087576
0.5825 0.2852182539682537 0.912698412698412 0.6969246031746026 1.3265802707233096 2.2337930760364064
0.5875 0.29761904761904734 0.9548611111111102 0.6026785714285708 1.3878625114904188 1.9317142970706291
0.5925 0.3075396825396823 0.9275793650793642 0.6076388888888884 1.3482092968764068 1.947613180174091
0.5975 0.2926587301587299 0.8829365079365072 0.6249999999999994 1.2833222184171147 2.003259271036208
0.6025 0.30009920634920606 0.9672619047619039 0.6076388888888884 1.4058866999513333 1.947613180174091
0.6075 0.310019841269841 0.7961309523809517 0.6969246031746026 1.157152899190713 2.2337930760364064
0.6125 0.36210317460317426 0.8606150793650786 0.6423611111111106 1.2508786791874686 2.058905361898325
0.6175 0.35962301587301554 0.8333333333333326 0.5332341269841265 1.2112254645734566 1.7091299336221617
0.6225 0.37698412698412664 0.83829365079365 0.6374007936507932 1.2184351399578224 2.043006478794863
0.6275000000000001 0.35962301587301554 0.8010912698412691 0.5406746031746027 1.1643625745750787 1.7329782582773545
0.6325000000000001 0.3521825396825394 0.8333333333333326 0.5729166666666661 1.2112254645734566 1.8363209984498572
0.6375000000000001 0.34722222222222193 0.7589285714285708 0.5084325396825392 1.1030803338079693 1.6296355181048516
0.6425000000000001 0.39434523809523775 0.7167658730158724 0.48611111111111066 1.04179809304086 1.5580905441392727
0.6475000000000001 0.4588293650793646 0.7514880952380946 0.5084325396825392 1.0922658207314206 1.6296355181048516
0.6525000000000001 0.40426587301587263 0.6721230158730153 0.5605158730158725 0.9769110145815676 1.7965737906912023
0.6575000000000001 0.42162698412698374 0.6572420634920629 0.48363095238095194 0.9552819884284702 1.5501411025875418
0.6625000000000001 0.38938492063492025 0.6498015873015868 0.5208333333333329 0.9444674753519215 1.6693827258635066
0.6675000000000001 0.4340277777777774 0.6696428571428565 0.4414682539682536 0.9733061768893846 1.4150005962081151
0.6725000000000001 0.4588293650793646 0.5902777777777772 0.42658730158730124 0.8579513707395316 1.3673039468977293
0.6775000000000001 0.40426587301587263 0.5282738095238091 0.500992063492063 0.7678304284349591 1.6057871934496588
0.6825000000000001 0.46626984126984083 0.5803571428571423 0.419146825396825 0.8435320199708001 1.3434556222425362
0.6875000000000001 0.4712301587301583 0.6249999999999994 0.3993055555555552 0.9084190984300924 1.2798600898286885
0.6925000000000001 0.4712301587301583 0.5481150793650789 0.39682539682539647 0.7966691299724223 1.2719106482769573
0.6975000000000001 0.48363095238095194 0.4885912698412694 0.4315476190476187 0.7101530253600326 1.3832028300011912
0.7025 0.5009920634920741 0.4885912698412802 0.40178571428572285 0.7101530253600482 1.279860089828717
0.7075 0.5778769841269836 0.456349206349206 0.4761904761904757 0.6632901353616548 1.5183433363806178
0.7125 0.5158730158730154 0.42658730158730124 0.38690476190476153 0.616427245363277 1.2321634405183024
0.7175 0.5183531746031742 0.44642857142857106 0.3993055555555552 0.6416611092085573 1.2560117651734954
0.7225 0.5853174603174598 0.4340277777777774 0.3745039682539679 0.6200320830554599 1.1685679081044547
0.7275 0.5183531746031742 0.4389880952380949 0.3745039682539679 0.616427245363277 1.2003656743113786
0.7325 0.5828373015873011 0.4241071428571425 0.3249007936507934 0.5803788684414479 1.017528518621566
0.7375 0.6150793650793646 0.3720238095238092 0.3745039682539679 0.5154917899821556 1.1685679081044547
0.7425 0.5828373015873011 0.3571428571428568 0.34226190476190443 0.5082821145977898 1.0493262848284899
0.7475 0.6125992063492058 0.3695436507936505 0.27529761904761885 0.5046772769056068 0.8346913629317533
0.7525000000000001 0.5654761904761899 0.3844246031746028 0.34970238095238065 0.5371208161352531 1.0493262848284899
0.7575000000000001 0.6423611111111106 0.3273809523809521 0.34970238095238065 0.43618536075413167 1.033427401725028
0.7625000000000001 0.7043650793650788 0.36458333333333304 0.3249007936507934 0.46502406229159493 0.945983544655987
0.7675000000000001 0.6299603174603169 0.3075396825396823 0.310019841269841 0.4037418215244855 0.9062363368973321
0.7725000000000001 0.5902777777777772 0.310019841269841 0.2951388888888886 0.385717633063571 0.8346913629317533
0.7775000000000001 0.6547619047619042 0.31746031746031717 0.31994047619047594 0.4145563346010342 0.8585396875869463
0.7825000000000001 0.6671626984126978 0.310019841269841 0.28273809523809496 0.3496692561417419 0.8187924798282913
0.7875000000000001 0.6622023809523804 0.28025793650793623 0.2926587301587299 0.3280402299886445 0.7631463889661744
0.7925000000000001 0.6498015873015868 0.3571428571428568 0.32242063492063466 0.4001369838323026 0.7949441551730984
0.7975000000000001 0.7118055555555549 0.26041666666666646 0.2579365079365077 0.30280636614336415 0.6995508565523266
0.8025000000000001 0.7291666666666661 0.3124999999999997 0.3025793650793648 0.31001604152772994 0.7790452720696364
0.8075000000000001 0.7465277777777771 0.25545634920634896 0.2678571428571426 0.2667579892215351 0.6677530903454026
0.8125000000000001 0.6795634920634914 0.2901785714285712 0.22569444444444425 0.33524990537301025 0.46106761000039703
0.8175000000000001 0.7465277777777771 0.29761904761904734 0.2579365079365077 0.30641120383554704 0.6121069994832857
0.8225000000000001 0.7068452380952375 0.27281746031746007 0.1959325396825395 0.28478217768244957 0.48491593465559
0.8275000000000001 0.7688492063492056 0.2926587301587299 0.20585317460317443 0.2992015284511812 0.41337096069001117
0.8325 0.7192460317460471 0.25793650793651346 0.2480158730158783 0.259548313837175 0.5326125839659878
0.8375 0.7465277777777771 0.2405753968253966 0.2628968253968252 0.23070961229970602 0.46106761000039703
0.8425 0.6944444444444439 0.24305555555555533 0.22569444444444425 0.21268542383879147 0.3736237529313562
0.8475 0.7986111111111104 0.24553571428571405 0.21329365079365062 0.2271047746075231 0.41337096069001117
0.8525 0.8010912698412691 0.20833333333333315 0.24305555555555533 0.1730322092247795 0.43721928534520416
0.8575 0.8283730158730152 0.23313492063492042 0.27529761904761885 0.16221769614823078 0.48491593465559
0.8625 0.8978174603174596 0.23313492063492042 0.20833333333333315 0.15140318307168207 0.3497754282761633
0.8675 0.8829365079365072 0.2207341269841268 0.228174603174603 0.16942737153259657 0.31002822051750833
0.8725 0.8060515873015865 0.21081349206349187 0.23313492063492042 0.14419350768731626 0.3020787789657774
0.8775000000000001 0.8779761904761898 0.20089285714285696 0.23313492063492042 0.12977415691858463 0.2702810127588534
0.8825000000000001 0.7862103174603168 0.1959325396825395 0.22321428571428553 0.11895964384203592 0.2782304543105844
0.8875000000000001 0.9499007936507927 0.18849206349206332 0.21577380952380934 0.11895964384203592 0.2861798958623154
0.8925000000000001 0.9176587301587292 0.19841269841269824 0.21577380952380934 0.09733061768893847 0.21463492189673658
0.8975000000000001 0.848214285714285 0.18849206349206332 0.2678571428571426 0.10093545538112138 0.2543821296553915
0.9025000000000001 0.8283730158730152 0.228174603174603 0.26041666666666646 0.1261693192264017 0.2941293374140464
0.9075000000000001 0.8878968253968247 0.228174603174603 0.27529761904761885 0.09012094230457265 0.2384832465519295
0.9125000000000001 0.9598214285714277 0.18105158730158713 0.25297619047619024 0.05407256538274359 0.21463492189673658
0.9175000000000001 0.9722222222222213 0.21825396825396806 0.28273809523809496 0.07209675384365813 0.22258436344846758
0.9225000000000001 0.9871031746031736 0.27033730158730135 0.2678571428571426 0.10814513076548718 0.1907865972415436
0.9275000000000001 0.97470238095238 0.2033730158730157 0.3273809523809521 0.07930642922802394 0.2543821296553915
0.9325000000000001 0.9722222222222213 0.24305555555555533 0.27033730158730135 0.07570159153584104 0.22258436344846758
0.9375000000000001 0.9424603174603166 0.23313492063492042 0.27033730158730135 0.07570159153584104 0.08744385706904083
0.9425000000000001 0.9250992063492054 0.23809523809523786 0.30009920634920606 0.09012094230457265 0.16693827258635066
0.9475000000000001 0.97470238095238 0.2207341269841268 0.310019841269841 0.061282240767109405 0.1430899479311577
0.9525000000000001 1.0143849206349198 0.20833333333333315 0.35962301587301554 0.04686288999837778 0.20668548034500558
0.9575 0.9771825396825604 0.2108134920634966 0.319940476190483 0.03604837692182986 0.15898883103462322
0.9625 0.9523809523809514 0.2653769841269839 0.2901785714285712 0.09012094230457265 0.1510393894828887
0.9675 0.8978174603174596 0.27033730158730135 0.3571428571428568 0.057677403074926505 0.16693827258635066
0.9725 1.0193452380952372 0.23561507936507914 0.34474206349206316 0.036048376921829065 0.1510393894828887
0.9775 0.9970238095238086 0.2504960317460315 0.3546626984126981 0.04325805230619487 0.11129218172423379
0.9825 0.8407738095238088 0.28273809523809496 0.41170634920634885 0.04325805230619487 0.1510393894828887
0.9875 1.0243055555555547 0.27033730158730135 0.42658730158730124 0.06488707845929231 0.18283715568981265
0.9925 0.9424603174603166 0.25297619047619024 0.4166666666666663 0.05046772769056069 0.11924162327596476
0.9975 0.957341269841269 0.27281746031746007 0.40426587301587263 0.04686288999837778 0.15898883103461967
1.0025000000000002 0.9722222222221999 0.2306547619047566 0.43154761904760913 0.039653214614011084 0.14308994793115454
1.0075 1.0243055555555773 0.28025793650794245 0.4662698412698512 0.0540725653827448 0.12719106482769857
1.0125000000000002 1.04662698412696 0.2852182539682474 0.4662698412698305 0.04686288999837674 0.1351405063794237
1.0175 1.0342261904762124 0.2752976190476249 0.4985119047619154 0.025233863845280903 0.09539329862077393
1.0225 1.0441468253968476 0.25793650793651346 0.47123015873016877 0.014419350768731945 0.07154497396558045
1.0275 1.0813492063491814 0.26537698412697797 0.5208333333333214 0.02883870153746261 0.09539329862076969
1.0325 0.9771825396825604 0.24057539682540197 0.5803571428571552 0.01802418846091493 0.08744385706904276
1.0375 0.9623015873015651 0.31498015873015145 0.5133928571428453 0.05046772769055957 0.1112921817242313
1.0425 1.0391865079365301 0.31250000000000666 0.6423611111111248 0.06488707845929376 0.09539329862077393
1.0475 0.9722222222221999 0.28769841269840607 0.6398809523809376 0.04686288999837674 0.09539329862076969
1.0525 1.0615079365079592 0.3348214285714357 0.6473214285714424 0.02883870153746389 0.09539329862077393
1.0575 1.0515873015872772 0.27777777777777135 0.682043650793635 0.01802418846091413 0.1112921817242313
1.0625 0.9573412698412902 0.354662698412706 0.7738095238095403 0.03965321461401285 0.12719106482769857
1.0675000000000001 1.0863095238094986 0.40674603174602236 0.7614087301587126 0.01802418846091413 0.07154497396557727
1.0725 0.9920634920635132 0.32986111111111815 0.709325396825412 0.01802418846091493 0.12719106482769857
1.0775000000000001 1.016865079365056 0.29513888888888207 0.682043650793635 0.01802418846091413 0.12719106482769293
1.0825 1.0317460317460538 0.3695436507936587 0.7837301587301754 0.02883870153746389 0.08744385706904276
1.0875000000000001 0.9995039682539452 0.3497023809523729 0.8209325396825208 0.021629026153096958 0.1351405063794237
1.0925 1.0119047619047836 0.3993055555555641 0.8407738095238274 0.03965321461401285 0.1192416232759674
1.0975000000000001 1.0119047619047385 0.42658730158729175 0.8457341269841075 0.021629026153096958 0.12719106482769293
1.1025 1.1036706349206584 0.40922619047619924 0.8308531746031923 0.02883870153746389 0.08744385706904276
1.1075000000000002 1.0143849206348972 0.4414682539682438 0.8754960317460115 0.039653214614011084 0.08744385706903887
1.1125 1.0267857142857362 0.4216269841269932 0.9424603174603375 0.04686288999837882 0.06359553241384928
1.1175000000000002 0.9300595238095023 0.4042658730158637 0.917658730158709 0.014419350768731305 0.08744385706903887
1.1225 1.0044642857143071 0.39434523809524646 0.9672619047619253 0.025233863845280903 0.12719106482769857
1.1275000000000002 1.0019841269841039 0.4365079365079264 1.04662698412696 0.021629026153096958 0.07154497396557727
1.1325 0.9623015873016079 0.40178571428572285 1.0466269841270066 0.014419350768731945 0.09539329862077393
1.1375000000000002 0.8531746031745835 0.4489087301587198 0.9747023809523584 0.04686288999837674 0.07949441551730807
1.1425 1.016865079365101 0.3993055555555641 1.2425595238095504 0.02162902615309792 0.09539329862077393
1.1475000000000002 0.8358134920634728 0.4538690476190372 1.2772817460317165 0.01802418846091413 0.1033427401725005
1.1525 0.9226190476190673 0.4563492063492161 1.1210317460317698 0.01802418846091493 0.05564609086211812
1.1575 0.8978174603174794 0.4563492063492161 1.1359126984127226 0.01802418846091493 0.07949441551731161
1.1625 0.9126984126983916 0.545634920634908 1.2301587301587018 0.014419350768731305 0.12719106482769293
1.1675 0.8730158730158916 0.4761904761904864 1.1855158730158983 0.02162902615309792 0.07154497396558045
1.1725 0.8630952380952183 0.5357142857142734 1.3690476190475875 0.01802418846091413 0.1112921817242313
1.1775 0.7738095238095403 0.4563492063492161 1.3963293650793949 0.01081451307654896 0.06359553241384928
1.1825 0.9151785714285503 0.4712301587301478 1.3764880952380634 0.021629026153096958 0.06359553241384647
1.1875 0.7762896825396991 0.5282738095238207 1.5575396825397156 0.01081451307654896 0.12719106482769857
1.1925000000000001 0.7514880952380779 0.5555555555555427 1.4310515873015544 0.03604837692182826 0.09539329862076969
1.1975 0.8655753968254152 0.5580357142857262 1.463293650793682 0.02883870153746389 0.06359553241384928
1.2025000000000001 0.8060515873015687 0.5977182539682402 1.5749007936507573 0.01802418846091413 0.1112921817242313
1.2075 0.7266865079365235 0.5753968253968377 1.6493055555555907 0.02162902615309792 0.06359553241384928
1.2125000000000001 0.7366071428571258 0.5282738095237973 1.4136904761904436 0.02883870153746261 0.09539329862076969
1.2175 0.8060515873016044 0.6374007936508073 1.6170634920635265 0.02883870153746389 0.16693827258635435
1.2225000000000001 0.7688492063491886 0.6175595238095095 1.5649801587301226 0.025233863845279786 0.07154497396557727
1.2275 0.6919642857143005 0.5877976190476316 1.6170634920635265 0.02162902615309792 0.06359553241384928
1.2325000000000002 0.7118055555555391 0.6622023809523657 1.698908730158691 0.025233863845279786 0.07154497396557727
1.2375 0.709325396825412 0.6125992063492194 1.6840277777778134 0.01081451307654896 0.1192416232759674
1.2425000000000002 0.637400793650779 0.6894841269841111 1.6021825396825027 0.01802418846091413 0.07154497396557727
1.2475 0.7614087301587464 0.5902777777777903 1.6294642857143204 0.01081451307654896 0.07949441551731161
1.2525000000000002 0.5753968253968121 0.682043650793635 1.6021825396825027 0.01802418846091413 0.15103938948288534
1.2575 0.7167658730158882 0.5580357142857262 1.4657738095238408 0.01802418846091493 0.07949441551731161
1.2625000000000002 0.6349206349206203 0.6398809523809376 1.5724206349205987 0.010814513076548479 0.07949441551730807
1.2675 0.6919642857143005 0.674603174603189 1.5401785714286043 0.025233863845280903 0.07949441551731161
1.2725000000000002 0.6646825396825243 0.7514880952380779 1.6865079365078974 0.014419350768731305 0.07949441551730807
1.2775 0.5580357142857262 0.6919642857143005 1.6493055555555907 0.025233863845280903 0.07154497396558045
1.2825 0.5183531746031856 0.6770833333333478 1.542658730158763 0.02162902615309792 0.10334274017250508
1.2875 0.5654761904761774 0.6969246031745872 1.4583333333332995 0.01802418846091413 0.047696649310384844
1.2925 0.5778769841269965 0.6770833333333478 1.5228174603174929 0.01802418846091493 0.09539329862077393
1.2975 0.538194444444432 0.7762896825396646 1.4831349206348863 0.025233863845279786 0.07154497396557727
1.3025 0.5208333333333445 0.7390873015873174 1.5104166666666987 0.02883870153746389 0.11129218172423624
1.3075 0.5307539682539559 0.6870039682539524 1.5649801587301226 0.01802418846091413 0.08744385706903887
1.3125 0.5431547619047734 0.7589285714285876 1.4384920634920941 0.01802418846091493 0.07154497396558045
1.3175000000000001 0.5877976190476055 0.7688492063491886 1.577380952380916 0.014419350768731305 0.08744385706903887
1.3225 0.5307539682539796 0.7564484126984289 1.5054563492063813 0.03244353922964688 0.08744385706904276
1.3275000000000001 0.4910714285714172 0.6547619047618896 1.433531746031713 0.021629026153096958 0.07154497396557727
1.3325 0.47371031746032755 0.731646825396841 1.4732142857143171 0.02162902615309792 0.05564609086211812
1.3375000000000001 0.4563492063491958 0.7266865079364911 1.3690476190475875 0.0036048376921828263 0.039747207758654035
1.3425 0.503472222222233 0.6894841269841417 1.4260912698413002 0.02883870153746389 0.08744385706904276
1.3475000000000001 0.42162698412697436 0.7862103174602993 1.4136904761904436 0.02883870153746261 0.039747207758654035
1.3525 0.45882936507937483 0.7291666666666822 1.393849206349236 0.025233863845280903 0.07154497396558045
1.3575000000000002 0.43154761904760913 0.6894841269841111 1.478174603174569 0.02883870153746261 0.09539329862076969
1.3625 0.43402777777778706 0.674603174603189 1.3120039682539961 0.02162902615309792 0.023848324655193483
1.3675000000000002 0.42162698412697436 0.674603174603159 1.4012896825396501 0.014419350768731305 0.06359553241384647
1.3725 0.42906746031746945 0.6473214285714424 1.3789682539682835 0.02162902615309792 0.023848324655193483
1.3775000000000002 0.4513888888888784 0.6125992063491922 1.349206349206318 0.014419350768731305 0.015898883103461617
1.3825 0.45882936507937483 0.6820436507936654 1.3392857142857428 0.03604837692182986 0.05564609086211812
1.3875000000000002 0.39930555555554637 0.5977182539682402 1.3144841269840966 0.021629026153096958 0.007949441551730808
1.3925 0.3993055555555641 0.6646825396825539 1.2971230158730436 0.02162902615309792 0.023848324655193483
1.3975000000000002 0.3844246031745943 0.6324404761904616 1.341765873015842 0.01802418846091413 0.039747207758654035
1.4025 0.4265873015873107 0.5555555555555673 1.3120039682539961 0.007209675384365973 0.039747207758655805
1.4075 0.3794642857142938 0.6200396825396957 1.2500000000000266 0.03604837692182986 0.0
1.4125 0.3670634920634836 0.5009920634920519 1.205357142857115 0.032443539229645435 0.023848324655192422
1.4175 0.36706349206349986 0.5009920634920741 1.1259920634920875 0.03244353922964688 0.00794944155173116
1.4225 0.33978174603173816 0.5158730158730039 1.2375992063491779 0.014419350768731305 0.015898883103461617
1.4275 0.3695436507936587 0.46875000000001 1.1656746031746281 0.025233863845280903 0.023848324655193483
1.4325 0.35218253968253155 0.553075396825384 1.0962301587301335 0.021629026153096958 0.023848324655192422
1.4375 0.3844246031746114 0.4365079365079458 1.1607142857143105 0.03604837692182986 0.0
1.4425000000000001 0.37202380952380093 0.49603174603173456 1.0515873015872772 0.02883870153746261 0.015898883103461617
1.4475 0.376984126984135 0.41914682539683434 0.9300595238095437 0.025233863845280903 0.01589888310346232
1.4525000000000001 0.3745039682539596 0.37202380952380093 1.00942460317458 0.010814513076548479 0.023848324655192422
1.4575 0.36706349206349986 0.3794642857142938 0.9300595238095437 0.03244353922964688 0.01589888310346232
1.4625000000000001 0.3124999999999928 0.4414682539682438 0.8878968253968048 0.032443539229645435 0.023848324655192422
1.4675 0.354662698412706 0.4067460317460404 0.8159722222222395 0.02883870153746389 0.00794944155173116
1.4725000000000001 0.30257936507935806 0.35218253968253155 0.84077380952379 0.021629026153096958 0.0
1.4775 0.34722222222222965 0.3397817460317533 0.7192460317460471 0.01081451307654896 0.039747207758655805
1.4825000000000002 0.37698412698411826 0.3546626984126902 0.7465277777777606 0.03604837692182826 0.0
1.4875 0.354662698412706 0.2752976190476249 0.7167658730158882 0.014419350768731945 0.0
1.4925000000000002 0.3645833333333249 0.30753968253967545 0.7341269841269672 0.02883870153746261 0.015898883103461617
1.4975 0.3794642857142938 0.2777777777777837 0.5977182539682667 0.025233863845280903 0.00794944155173116
1.5025000000000002 0.31498015873015145 0.24305555555554997 0.6349206349206203 0.03604837692182826 0.0
1.5075 0.3844246031746114 0.2480158730158783 0.5431547619047734 0.02883870153746389 0.00794944155173116
1.5125000000000002 0.36954365079364226 0.26537698412697797 0.5034722222222106 0.032443539229645435 0.015898883103461617
1.5175 0.35714285714286476 0.2529761904761959 0.5307539682539796 0.03604837692182986 0.0
1.5225000000000002 0.416666666666657 0.2554563492063433 0.5357142857142734 0.039653214614011084 0.007949441551730808
1.5275 0.3348214285714357 0.27033730158730734 0.37450396825397625 0.03965321461401285 0.00794944155173116
1.5325000000000002 0.37202380952380093 0.2455357142857086 0.43898809523808513 0.014419350768731305 0.007949441551730808
1.5375 0.3422619047619121 0.21329365079365534 0.4067460317460404 0.01802418846091493 0.0
1.5425 0.3621031746031823 0.18353174603174993 0.3695436507936587 0.04325805230619584 0.0
1.5475 0.41170634920633975 0.19841269841269382 0.3819444444444356 0.032443539229645435 0.0
1.5525 0.3968253968254053 0.22321428571429044 0.35714285714286476 0.04325805230619584 0.0
1.5575 0.401785714285705 0.1934523809523765 0.3224206349206275 0.043258052306193916 0.007949441551730808
1.5625 0.3794642857142938 0.21329365079365534 0.2752976190476249 0.03604837692182986 0.00794944155173116
1.5675000000000001 0.41418650793649836 0.16121031746031375 0.272817460317454 0.039653214614011084 0.023848324655192422
1.5725 0.4216269841269932 0.17113095238095605 0.2653769841269898 0.05767740307492778 0.0
1.5775000000000001 0.42658730158729175 0.16617063492063108 0.2281746031745979 0.03604837692182826 0.0
1.5825 0.44394841269842217 0.1909722222222263 0.2480158730158783 0.06849191615147673 0.01589888310346232
1.5875000000000001 0.41170634920633975 0.14136904761904434 0.18601190476190047 0.039653214614011084 0.0
1.5925 0.4067460317460404 0.148809523809527 0.19345238095238507 0.03965321461401285 0.0
1.5975000000000001 0.40922619047618103 0.1488095238095204 0.17113095238094844 0.054072565382742396 0.0
1.6025 0.43154761904762823 0.1165674603174628 0.18601190476190874 0.02883870153746389 0.00794944155173116
1.6075000000000002 0.416666666666657 0.14136904761904434 0.18601190476190047 0.05767740307492522 0.0
1.6125 0.4241071428571519 0.10664682539682767 0.1884920634920675 0.061282240767110766 0.00794944155173116
1.6175000000000002 0.41914682539681575 0.12400793650793364 0.17857142857142444 0.06488707845929087 0.0
1.6225 0.4662698412698512 0.1165674603174628 0.1909722222222263 0.050467727690561806 0.0
1.6275000000000002 0.5109126984126866 0.11160714285714028 0.14136904761904434 0.061282240767108045 0.0
1.6325 0.5233134920635033 0.10912698412698645 0.11160714285714522 0.06488707845929376 0.0
1.6375000000000002 0.43154761904760913 0.11656746031745763 0.12896825396825098 0.061282240767108045 0.0
1.6425 0.4985119047619154 0.11408730158730403 0.10912698412698645 0.06849191615147673 0.0
1.6475000000000002 0.553075396825384 0.12896825396825098 0.1091269841269816 0.07209675384365652 0.0
1.6525 0.5505952380952498 0.12400793650793915 0.12648809523809795 0.08291126692020868 0.00794944155173116
1.6575000000000002 0.5729166666666534 0.08928571428571222 0.0917658730158709 0.061282240767108045 0.0
1.6625 0.5381944444444559 0.09424603174603376 0.12152777777778037 0.061282240767110766 0.0
1.6675 0.5059523809523918 0.09672619047619253 0.09424603174603376 0.08651610461239168 0.0
1.6725 0.5853174603174468 0.08928571428571222 0.11656746031745763 0.061282240767108045 0.0
1.6775 0.525793650793662 0.10912698412698645 0.09424603174603376 0.0757015915358427 0.0
1.6825 0.5257936507936386 0.1091269841269816 0.06200396825396682 0.09012094230457066 0.0
1.6875 0.5629960317460437 0.1314484126984155 0.08432539682539862 0.12256448153422153 0.0
1.6925000000000001 0.6423611111110963 0.11160714285714028 0.07936507936507754 0.10093545538111914 0.0
1.6975 0.6150793650793782 0.11408730158730403 0.08184523809523984 0.09012094230457465 0.0
1.7025000000000001 0.5902777777777641 0.11408730158729895 0.06944444444444284 0.09012094230457066 0.0
1.7075 0.6870039682539829 0.12400793650793915 0.062003968253969574 0.10093545538112361 0.0
1.7125000000000001 0.5977182539682402 0.13144841269840965 0.08432539682539487 0.14058866999513023 0.0
1.7175 0.6870039682539829 0.09424603174603376 0.06944444444444592 0.0757015915358427 0.0
1.7225000000000001 0.7068452380952218 0.1091269841269816 0.0545634920634908 0.10454029307330197 0.0
1.7275 0.6696428571428714 0.09672619047619253 0.06696428571428714 0.08651610461239168 0.0
1.7325000000000002 0.6770833333333177 0.12648809523809232 0.0545634920634908 0.11895964384203325 0.0
1.7375 0.6026785714285843 0.1314484126984155 0.05456349206349322 0.12256448153422153 0.0
1.7425000000000002 0.6671626984126829 0.12648809523809232 0.04464285714285611 0.1261693192263989 0.0
1.7475 0.7266865079365235 0.12152777777778037 0.04216269841269931 0.11895964384203855 0.0
1.7525000000000002 0.6894841269841111 0.11160714285714028 0.029761904761904073 0.0973306176889363 0.0
1.7575 0.6944444444444593 0.12152777777778037 0.03968253968254053 0.1261693192264045 0.0
1.7625000000000002 0.6870039682539524 0.15128968253967903 0.032242063492062746 0.16942737153259285 0.0
1.7675 0.731646825396841 0.13392857142857428 0.04216269841269931 0.1333789946107705 0.0
1.7725000000000002 0.7638888888888712 0.1190476190476163 0.024801587301586728 0.1261693192263989 0.0
1.7775 0.7465277777777937 0.10664682539682767 0.03472222222222296 0.11535480614985556 0.0
1.7825000000000002 0.7638888888888712 0.11656746031745763 0.029761904761904073 0.10814513076548479 0.0
1.7875 0.7787698412698578 0.12896825396825673 0.009920634920635132 0.1333789946107705 0.0
1.7925 0.7142857142857295 0.1314484126984155 0.03720238095238175 0.1333789946107705 0.0
1.7975 0.674603174603159 0.14136904761904434 0.024801587301586728 0.1369838323029474 0.0
1.8025 0.8060515873016044 0.11408730158730403 0.03224206349206418 0.1297741569185875 0.0
1.8075 0.7514880952380779 0.1463293650793617 0.019841269841269386 0.16582253384040999 0.0
1.8125 0.7886904761904929 0.11408730158730403 0.0148809523809527 0.1045402930733066 0.0
1.8175000000000001 0.6894841269841111 0.09672619047618825 0.009920634920634693 0.11174996845766762 0.0
1.8225 0.7043650793650943 0.09176587301587497 0.0148809523809527 0.09372577999675764 0.0
1.8275000000000001 0.8060515873015687 0.14136904761904434 0.0272817460317454 0.1766370469169585 0.0
1.8325 0.75396825396827 0.09176587301587497 0.019841269841270263 0.09733061768894063 0.0
1.8375000000000001 0.6547619047618896 0.14384920634920303 0.03472222222222142 0.16942737153259285 0.0
1.8425 0.7043650793650943 0.12896825396825673 0.009920634920635132 0.13698383230295347 0.0
1.8475000000000001 0.6249999999999856 0.10416666666666426 0.012400793650793364 0.10814513076548479 0.0
1.8525 0.6225198412698545 0.10664682539682767 0.0148809523809527 0.11535480614985556 0.0
1.8575000000000002 0.6274801587301442 0.0917658730158709 0.009920634920634693 0.09372577999675348 0.0
1.8625 0.6001984126984256 0.09176587301587497 0.03224206349206418 0.10093545538112361 0.0
1.8675000000000002 0.6076388888888749 0.06944444444444284 0.019841269841269386 0.0684919161514737 0.0
1.8725 0.5530753968254086 0.07936507936508105 0.00744047619047635 0.08291126692020868 0.0
1.8775000000000002 0.5753968253968121 0.07688492063491886 0.012400793650793364 0.08651610461238783 0.0
1.8825 0.5555555555555673 0.05456349206349322 0.00744047619047635 0.050467727690561806 0.0
1.8875000000000002 0.5505952380952254 0.05952380952380815 0.012400793650793364 0.04686288999837674 0.0
1.8925 0.5357142857142971 0.04712301587301688 0.01736111111111148 0.02883870153746389 0.0
1.8975000000000002 0.553075396825384 0.04464285714285611 0.012400793650793364 0.032443539229645435 0.0
1.9025 0.46875000000001 0.03224206349206418 0.019841269841270263 0.02162902615309792 0.0
1.9075000000000002 0.48611111111109995 0.032242063492062746 0.01736111111111071 0.025233863845279786 0.0
1.9125 0.48363095238096265 0.022321428571429047 0.009920634920635132 0.007209675384365973 0.0
1.9175 0.4538690476190573 0.02480158730158783 0.012400793650793916 0.007209675384365973 0.0
1.9225 0.4662698412698305 0.03968253968253877 0.009920634920634693 0.0 0.0
1.9275 0.39434523809524646 0.0297619047619054 0.00744047619047635 0.0 0.0
1.9325 0.3918650793650703 0.009920634920634693 0.019841269841269386 0.0 0.0
1.9375 0.3695436507936587 0.019841269841270263 0.012400793650793916 0.0 0.0
1.9425000000000001 0.37698412698411826 0.019841269841269386 0.012400793650793364 0.0 0.0
1.9475 0.4067460317460404 0.019841269841270263 0.0148809523809527 0.0 0.0
1.9525000000000001 0.33234126984126217 0.0272817460317454 0.009920634920634693 0.0 0.0
1.9575 0.354662698412706 0.0148809523809527 0.0148809523809527 0.0 0.0
1.9625000000000001 0.35218253968253155 0.019841269841269386 0.01736111111111071 0.0 0.0
1.9675 0.41914682539683434 0.00744047619047635 0.00744047619047635 0.0 0.0
1.9725000000000001 0.3497023809523729 0.022321428571428055 0.022321428571428055 0.0 0.0
1.9775 0.3273809523809594 0.01736111111111148 0.009920634920635132 0.0 0.0
1.9825000000000002 0.2604166666666607 0.014880952380952037 0.022321428571428055 0.0 0.0
1.9875 0.2926587301587364 0.022321428571429047 0.0148809523809527 0.0 0.0
1.9925000000000002 0.24801587301586728 0.01736111111111071 0.014880952380952037 0.0 0.0
1.9975 0.21329365079365534 0.01736111111111148 0.012400793650793916 0.0 0.0
2.0025 0.2529761904761959 0.019841269841270263 0.01736111111111148 0.0 0.0
2.0075000000000003 0.24553571428569773 0.012400793650792814 0.012400793650792814 0.0 0.0
2.0125 0.2926587301587364 0.009920634920635132 0.012400793650793916 0.0 0.0
2.0175 0.2504960317460371 0.0148809523809527 0.01736111111111148 0.0 0.0
2.0225 0.2777777777777837 0.012400793650793916 0.009920634920635132 0.0 0.0
2.0275000000000003 0.2480158730158563 0.0198412698412685 0.01736111111110994 0.0 0.0
2.0325 0.22817460317460805 0.004960317460317566 0.02480158730158783 0.0 0.0
2.0375 0.19593253968254384 0.012400793650793916 0.022321428571429047 0.0 0.0
2.0425 0.19841269841270265 0.004960317460317566 0.0148809523809527 0.0 0.0
2.0475 0.17609126984127357 0.0 0.01736111111111148 0.0 0.0
2.0525 0.2331349206349049 0.007440476190475689 0.014880952380951377 0.0 0.0
2.0575 0.19593253968254384 0.004960317460317566 0.019841269841270263 0.0 0.0
2.0625 0.1884920634920675 0.00744047619047635 0.012400793650793916 0.0 0.0
2.0675 0.2182539682539729 0.01736111111111148 0.022321428571429047 0.0 0.0
2.0725000000000002 0.17857142857141653 0.004960317460317125 0.03224206349206132 0.0 0.0
2.0775 0.1587301587301621 0.00744047619047635 0.01736111111111148 0.0 0.0
2.0825 0.12648809523809795 0.004960317460317566 0.022321428571429047 0.0 0.0
2.0875 0.1587301587301621 0.002480158730158783 0.0148809523809527 0.0 0.0
2.0925000000000002 0.1661706349206237 0.0024801587301585626 0.029761904761902755 0.0 0.0
2.0975 0.22073412698413167 0.0 0.012400793650793916 0.0 0.0
2.1025 0.16121031746032088 0.002480158730158783 0.02728174603174661 0.0 0.0
2.1075 0.15376984126984455 0.002480158730158783 0.019841269841270263 0.0 0.0
2.1125000000000003 0.158730158730148 0.0 0.01736111111110994 0.0 0.0
2.1175 0.16121031746032088 0.0 0.02728174603174661 0.0 0.0
2.1225 0.15376984126984455 0.0 0.0297619047619054 0.0 0.0
2.1275 0.148809523809527 0.0 0.0148809523809527 0.0 0.0
2.1325000000000003 0.1463293650793552 0.0 0.014880952380951377 0.0 0.0
2.1375 0.15625000000000333 0.0 0.02728174603174661 0.0 0.0
2.1425 0.1463293650793682 0.0 0.01736111111111148 0.0 0.0
2.1475 0.17361111111111482 0.0 0.02728174603174661 0.0 0.0
2.1525000000000003 0.12648809523808668 0.0 0.03720238095237844 0.0 0.0
2.1575 0.15376984126984455 0.0 0.01736111111111148 0.0 0.0
2.1625 0.10664682539682767 0.0 0.022321428571429047 0.0 0.0
2.1675 0.14136904761905064 0.0 0.03968253968254053 0.0 0.0
2.1725000000000003 0.11160714285713533 0.0 0.024801587301585628 0.0 0.0
2.1775 0.1165674603174628 0.0 0.03472222222222296 0.0 0.0
2.1825 0.1190476190476216 0.0 0.03720238095238175 0.0 0.0
2.1875 0.15625000000000333 0.0 0.019841269841270263 0.0 0.0
2.1925 0.16617063492063847 0.0 0.04216269841269931 0.0 0.0
2.1975000000000002 0.12152777777776956 0.0 0.029761904761902755 0.0 0.0
2.2025 0.13640873015873306 0.0 0.03472222222222296 0.0 0.0
2.2075 0.10664682539682767 0.0 0.04712301587301688 0.0 0.0
2.2125 0.12400793650793915 0.0 0.03720238095238175 0.0 0.0
2.2175000000000002 0.12648809523808668 0.0 0.029761904761902755 0.0 0.0
2.2225 0.1190476190476216 0.0 0.04216269841269931 0.0 0.0
2.2275 0.10416666666666888 0.0 0.03968253968254053 0.0 0.0
2.2325 0.1165674603174628 0.0 0.04216269841269931 0.0 0.0
2.2375000000000003 0.10912698412697674 0.0 0.05208333333332982 0.0 0.0
2.2425 0.1016865079365101 0.0 0.05208333333333444 0.0 0.0
2.2475 0.09176587301587497 0.0 0.062003968253969574 0.0 0.0
2.2525 0.10416666666666888 0.0 0.03720238095238175 0.0 0.0
2.2575000000000003 0.09424603174602539 0.0 0.042162698412695564 0.0 0.0
2.2625 0.09176587301587497 0.0 0.03720238095238175 0.0 0.0
2.2675 0.08184523809523984 0.0 0.05208333333333444 0.0 0.0
2.2725 0.07936507936508105 0.0 0.03720238095238175 0.0 0.0
2.2775000000000003 0.06448412698412263 0.0 0.05456349206348837 0.0 0.0
2.2825 0.08184523809523984 0.0 0.04960317460317566 0.0 0.0
2.2875 0.07192460317460471 0.0 0.03968253968254053 0.0 0.0
2.2925 0.04712301587301688 0.0 0.062003968253969574 0.0 0.0
2.2975000000000003 0.05208333333332982 0.0 0.06448412698412263 0.0 0.0
2.3025 0.05704365079365201 0.0 0.05704365079365201 0.0 0.0
2.3075 0.03224206349206418 0.0 0.04960317460317566 0.0 0.0
2.3125 0.03224206349206418 0.0 0.044642857142858094 0.0 0.0
2.3175 0.0595238095238108 0.0 0.04960317460317566 0.0 0.0
2.3225000000000002 0.03472222222221988 0.0 0.08432539682539113 0.0 0.0
2.3275 0.03472222222222296 0.0 0.07688492063492228 0.0 0.0
2.3325 0.03224206349206418 0.0 0.07688492063492228 0.0 0.0
2.3375 0.03472222222222296 0.0 0.06448412698412836 0.0 0.0
2.3425000000000002 0.03224206349206132 0.0 0.08184523809523257 0.0 0.0
2.3475 0.02480158730158783 0.0 0.07192460317460471 0.0 0.0
2.3525 0.012400793650793916 0.0 0.07688492063492228 0.0 0.0
2.3575 0.01736111111111148 0.0 0.07688492063492228 0.0 0.0
2.3625000000000003 0.03472222222221988 0.0 0.10416666666665964 0.0 0.0
2.3675 0.02480158730158783 0.0 0.08184523809523984 0.0 0.0
2.3725 0.02480158730158783 0.0 0.09176587301587497 0.0 0.0
2.3775 0.02480158730158783 0.0 0.08680555555555741 0.0 0.0
2.3825000000000003 0.01736111111110994 0.0 0.07192460317459833 0.0 0.0
2.3875 0.019841269841270263 0.0 0.09424603174603376 0.0 0.0
2.3925 0.009920634920635132 0.0 0.09424603174603376 0.0 0.0
2.3975 0.0148809523809527 0.0 0.0744047619047635 0.0 0.0
2.4025000000000003 0.024801587301585628 0.0 0.06448412698412263 0.0 0.0
2.4075 0.02480158730158783 0.0 0.08184523809523984 0.0 0.0
2.4125 0.019841269841270263 0.0 0.08432539682539862 0.0 0.0
2.4175 0.02480158730158783 0.0 0.08184523809523984 0.0 0.0
2.4225000000000003 0.027281746031744186 0.0 0.08432539682539113 0.0 0.0
2.4275 0.022321428571429047 0.0 0.07192460317460471 0.0 0.0
2.4325 0.019841269841270263 0.0 0.07192460317460471 0.0 0.0
2.4375 0.03720238095238175 0.0 0.07936507936508105 0.0 0.0
2.4425 0.02728174603174661 0.0 0.07192460317460471 0.0 0.0
2.4475000000000002 0.012400793650792814 0.0 0.08184523809523257 0.0 0.0
2.4525 0.012400793650793916 0.0 0.05704365079365201 0.0 0.0
2.4575 0.009920634920635132 0.0 0.07192460317460471 0.0 0.0
2.4625 0.0148809523809527 0.0 0.05208333333333444 0.0 0.0
2.4675000000000002 0.012400793650792814 0.0 0.05952380952380551 0.0 0.0
2.4725 0.0148809523809527 0.0 0.04960317460317566 0.0 0.0
2.4775 0.02728174603174661 0.0 0.05704365079365201 0.0 0.0
2.4825 0.004960317460317566 0.0 0.05456349206349322 0.0 0.0
2.4875000000000003 0.012400793650792814 0.0 0.049603174603171256 0.0 0.0
2.4925 0.012400793650793916 0.0 0.04712301587301688 0.0 0.0
2.4975 0.002480158730158783 0.0 0.06448412698412836 0.0 0.0
2.5025 0.009920634920635132 0.0 0.03968253968254053 0.0 0.0
2.5075000000000003 0.014880952380951377 0.0 0.03472222222221988 0.0 0.0
2.5125 0.0148809523809527 0.0 0.04216269841269931 0.0 0.0
2.5175 0.00744047619047635 0.0 0.03224206349206418 0.0 0.0
2.5225 0.004960317460317566 0.0 0.03224206349206418 0.0 0.0
2.5275000000000003 0.00992063492063425 0.0 0.03224206349206132 0.0 0.0
2.5325 0.012400793650793916 0.0 0.0297619047619054 0.0 0.0
2.5375 0.00744047619047635 0.0 0.03472222222222296 0.0 0.0
2.5425 0.00744047619047635 0.0 0.01736111111111148 0.0 0.0
2.5475000000000003 0.004960317460317125 0.0 0.007440476190475689 0.0 0.0
2.5525 0.004960317460317566 0.0 0.02480158730158783 0.0 0.0
2.5575 0.002480158730158783 0.0 0.00744047619047635 0.0 0.0
2.5625 0.0 0.0 0.0148809523809527 0.0 0.0
2.5675 0.0 0.0 0.009920634920635132 0.0 0.0
2.5725000000000002 0.0 0.0 0.007440476190475689 0.0 0.0
2.5775 0.0 0.0 0.002480158730158783 0.0 0.0
2.5825 0.0 0.0 0.004960317460317566 0.0 0.0
2.5875 0.0 0.0 0.0 0.0 0.0
2.5925000000000002 0.004960317460317125 0.0 0.0024801587301585626 0.0 0.0
2.5975 0.0 0.0 0.004960317460317566 0.0 0.0
2.6025 0.0 0.0 0.004960317460317566 0.0 0.0
2.6075 0.0 0.0 0.004960317460317566 0.0 0.0
2.6125000000000003 0.0 0.0 0.0 0.0 0.0
2.6175 0.0 0.0 0.004960317460317566 0.0 0.0
2.6225 0.0 0.0 0.0 0.0 0.0
2.6275 0.0 0.0 0.002480158730158783 0.0 0.0
2.6325000000000003 0.0 0.0 0.0 0.0 0.0
2.6375 0.0 0.0 0.002480158730158783 0.0 0.0
2.6425 0.0 0.0 0.0 0.0 0.0
2.6475 0.0 0.0 0.0 0.0 0.0
2.6525000000000003 0.0 0.0 0.0 0.0 0.0
2.6575 0.0 0.0 0.0 0.0 0.0
2.6625 0.0 0.0 0.0 0.0 0.0
2.6675 0.0 0.0 0.0 0.0 0.0
2.6725000000000003 0.0 0.0 0.0 0.0 0.0
2.6775 0.0 0.0 0.0 0.0 0.0
2.6825 0.0 0.0 0.0 0.0 0.0
2.6875 0.0 0.0 0.0 0.0 0.0
2.6925 0.0 0.0 0.0 0.0 0.0
2.6975000000000002 0.0 0.0 0.0 0.0 0.0
2.7025 0.0 0.0 0.0 0.0 0.0
2.7075 0.0 0.0 0.0 0.0 0.0
2.7125 0.0 0.0 0.0 0.0 0.0
2.7175000000000002 0.0 0.0 0.0 0.0 0.0
2.7225 0.0 0.0 0.0 0.0 0.0
2.7275 0.0 0.0 0.0 0.0 0.0
2.7325 0.0 0.0 0.0 0.0 0.0
2.7375000000000003 0.0 0.0 0.0 0.0 0.0
2.7425 0.0 0.0 0.0 0.0 0.0
2.7475 0.0 0.0 0.0 0.0 0.0
2.7525 0.0 0.0 0.0 0.0 0.0
2.7575000000000003 0.0 0.0 0.0 0.0 0.0
2.7625 0.0 0.0 0.0 0.0 0.0
2.7675 0.0 0.0 0.0 0.0 0.0
2.7725 0.0 0.0 0.0 0.0 0.0
2.7775000000000003 0.0 0.0 0.0 0.0 0.0
2.7825 0.0 0.0 0.0 0.0 0.0
2.7875 0.0 0.0 0.0 0.0 0.0
2.7925 0.0 0.0 0.0 0.0 0.0
2.7975000000000003 0.0 0.0 0.0 0.0 0.0
2.8025 0.0 0.0 0.0 0.0 0.0
2.8075 0.0 0.0 0.0 0.0 0.0
2.8125 0.0 0.0 0.0 0.0 0.0
2.8175 0.0 0.0 0.0 0.0 0.0
2.8225000000000002 0.0 0.0 0.0 0.0 0.0
2.8275 0.0 0.0 0.0 0.0 0.0
2.8325 0.0 0.0 0.0 0.0 0.0
2.8375 0.0 0.0 0.0 0.0 0.0
2.8425000000000002 0.0 0.0 0.0 0.0 0.0
2.8475 0.0 0.0 0.0 0.0 0.0
2.8525 0.0 0.0 0.0 0.0 0.0
2.8575 0.0 0.0 0.0 0.0 0.0
2.8625000000000003 0.0 0.0 0.0 0.0 0.0
2.8675 0.0 0.0 0.0 0.0 0.0
2.8725 0.0 0.0 0.0 0.0 0.0
2.8775 0.0 0.0 0.0 0.0 0.0
2.8825000000000003 0.0 0.0 0.0 0.0 0.0
2.8875 0.0 0.0 0.0 0.0 0.0
2.8925 0.0 0.0 0.0 0.0 0.0
2.8975 0.0 0.0 0.0 0.0 0.0
2.9025000000000003 0.0 0.0 0.0 0.0 0.0
2.9075 0.0 0.0 0.0 0.0 0.0
2.9125 0.0 0.0 0.0 0.0 0.0
2.9175 0.0 0.0 0.0 0.0 0.0
2.9225000000000003 0.0 0.0 0.0 0.0 0.0
2.9275 0.0 0.0 0.0 0.0 0.0
2.9325 0.0 0.0 0.0 0.0 0.0
2.9375 0.0 0.0 0.0 0.0 0.0
2.9425 0.0 0.0 0.0 0.0 0.0
2.9475000000000002 0.0 0.0 0.0 0.0 0.0
2.9525 0.0 0.0 0.0 0.0 0.0
2.9575 0.0 0.0 0.0 0.0 0.0
2.9625 0.0 0.0 0.0 0.0 0.0
2.9675000000000002 0.0 0.0 0.0 0.0 0.0
2.9725 0.0 0.0 0.0 0.0 0.0
2.9775 0.0 0.0 0.0 0.0 0.0
2.9825 0.0 0.0 0.0 0.0 0.0
2.9875000000000003 0.0 0.0 0.0 0.0 0.0
2.9925 0.0 0.0 0.0 0.0 0.0
2.9975 0.0 0.0 0.0 0.0 0.0
