r Li-Li S_4c-Li S_4a-Li I_4c-Li I_4a-Li Li-S Li-I
0.000000 0.000000 0.000000 0.000000 0.000000 0.000000 0.000000 0.000000
0.010000 0.000000 0.000000 0.000000 0.000000 0.000000 0.000000 0.000000
0.020000 0.000000 0.000000 0.000000 0.000000 0.000000 0.000000 0.000000
0.030000 0.000000 0.000000 0.000000 0.000000 0.000000 0.000000 0.000000
0.040000 0.000000 0.000000 0.000000 0.000000 0.000000 0.000000 0.000000
0.050000 0.000000 0.000000 0.000000 0.000000 0.000000 0.000000 0.000000
0.060000 0.000000 0.000000 0.000000 0.000000 0.000000 0.000000 0.000000
0.070000 0.000000 0.000000 0.000000 0.000000 0.000000 0.000000 0.000000
0.080000 0.000000 0.000000 0.000000 0.000000 0.000000 0.000000 0.000000
0.090000 0.000000 0.000000 0.000000 0.000000 0.000000 0.000000 0.000000
0.100000 0.000000 0.000000 0.000000 0.000000 0.000000 0.000000 0.000000
0.110000 0.000000 0.000000 0.000000 0.000000 0.000000 0.000000 0.000000
0.120000 0.000000 0.000000 0.000000 0.000000 0.000000 0.000000 0.000000
0.130000 0.000000 0.000000 0.000000 0.000000 0.000000 0.000000 0.000000
0.140000 0.000000 0.000000 0.000000 0.000000 0.000000 0.000000 0.000000
0.150000 0.000000 0.000000 0.000000 0.000000 0.000000 0.000000 0.000000
0.160000 0.000000 0.000000 0.000000 0.000000 0.000000 0.000000 0.000000
0.170000 0.000000 0.000000 0.000000 0.000000 0.000000 0.000000 0.000000
0.180000 0.000000 0.000000 0.000000 0.000000 0.000000 0.000000 0.000000
0.190000 0.000000 0.000000 0.000000 0.000000 0.000000 0.000000 0.000000
0.200000 0.000000 0.000000 0.000000 0.000000 0.000000 0.000000 0.000000
0.210000 0.000000 0.000000 0.000000 0.000000 0.000000 0.000000 0.000000
0.220000 0.000000 0.000000 0.000000 0.000000 0.000000 0.000000 0.000000
0.230000 0.000000 0.000000 0.000000 0.000000 0.000000 0.000000 0.000000
0.240000 0.000000 0.000000 0.000000 0.000000 0.000000 0.000000 0.000000
0.250000 0.000000 0.000000 0.000000 0.000000 0.000000 0.000000 0.000000
0.260000 0.000000 0.000000 0.000000 0.000000 0.000000 0.000000 0.000000
0.270000 0.000000 0.000000 0.000000 0.000000 0.000000 0.000000 0.000000
0.280000 0.000000 0.000000 0.000000 0.000000 0.000000 0.000000 0.000000
0.290000 0.000000 0.000000 0.000000 0.000000 0.000000 0.000000 0.000000
0.300000 0.000000 0.000000 0.000000 0.000000 0.000000 0.000000 0.000000
0.310000 0.000000 0.000000 0.000000 0.000000 0.000000 0.000000 0.000000
0.320000 0.000000 0.000000 0.000000 0.000000 0.000000 0.000000 0.000000
0.330000 0.000000 0.000000 0.000000 0.000000 0.000000 0.000000 0.000000
0.340000 0.000000 0.000000 0.000000 0.000000 0.000000 0.000000 0.000000
0.350000 0.000000 0.000000 0.000000 0.000000 0.000000 0.000000 0.000000
0.360000 0.000000 0.000000 0.000000 0.000000 0.000000 0.000000 0.000000
0.370000 0.000000 0.000000 0.000000 0.000000 0.000000 0.000000 0.000000
0.380000 0.000000 0.000000 0.000000 0.000000 0.000000 0.000000 0.000000
0.390000 0.000000 0.000000 0.000000 0.000000 0.000000 0.000000 0.000000
0.400000 0.000000 0.000000 0.000000 0.000000 0.000000 0.000000 0.000000
0.410000 0.000000 0.000000 0.000000 0.000000 0.000000 0.000000 0.000000
0.420000 0.000000 0.000000 0.000000 0.000000 0.000000 0.000000 0.000000
0.430000 0.000000 0.000000 0.000000 0.000000 0.000000 0.000000 0.000000
0.440000 0.000000 0.000000 0.000000 0.000000 0.000000 0.000000 0.000000
0.450000 0.000000 0.000000 0.000000 0.000000 0.000000 0.000000 0.000000
0.460000 0.000000 0.000000 0.000000 0.000000 0.000000 0.000000 0.000000
0.470000 0.000000 0.000000 0.000000 0.000000 0.000000 0.000000 0.000000
0.480000 0.000000 0.000000 0.000000 0.000000 0.000000 0.000000 0.000000
0.490000 0.000000 0.000000 0.000000 0.000000 0.000000 0.000000 0.000000
0.500000 0.000000 0.000000 0.000000 0.000000 0.000000 0.000000 0.000000
0.510000 0.000000 0.000000 0.000000 0.000000 0.000000 0.000000 0.000000
0.520000 0.000000 0.000000 0.000000 0.000000 0.000000 0.000000 0.000000
0.530000 0.000000 0.000000 0.000000 0.000000 0.000000 0.000000 0.000000
0.540000 0.000000 0.000000 0.000000 0.000000 0.000000 0.000000 0.000000
0.550000 0.000000 0.000000 0.000000 0.000000 0.000000 0.000000 0.000000
0.560000 0.000000 0.000000 0.000000 0.000000 0.000000 0.000000 0.000000
0.570000 0.000000 0.000000 0.000000 0.000000 0.000000 0.000000 0.000000
0.580000 0.000000 0.000000 0.000000 0.000000 0.000000 0.000000 0.000000
0.590000 0.000000 0.000000 0.000000 0.000000 0.000000 0.000000 0.000000
0.600000 0.000000 0.000000 0.000000 0.000000 0.000000 0.000000 0.000000
0.610000 0.000000 0.000000 0.000000 0.000000 0.000000 0.000000 0.000000
0.620000 0.000000 0.000000 0.000000 0.000000 0.000000 0.000000 0.000000
0.630000 0.000000 0.000000 0.000000 0.000000 0.000000 0.000000 0.000000
0.640000 0.000000 0.000000 0.000000 0.000000 0.000000 0.000000 0.000000
0.650000 0.000000 0.000000 0.000000 0.000000 0.000000 0.000000 0.000000
0.660000 0.000000 0.000000 0.000000 0.000000 0.000000 0.000000 0.000000
0.670000 0.000000 0.000000 0.000000 0.000000 0.000000 0.000000 0.000000
0.680000 0.000000 0.000000 0.000000 0.000000 0.000000 0.000000 0.000000
0.690000 0.000000 0.000000 0.000000 0.000000 0.000000 0.000000 0.000000
0.700000 0.000000 0.000000 0.000000 0.000000 0.000000 0.000000 0.000000
0.710000 0.000000 0.000000 0.000000 0.000000 0.000000 0.000000 0.000000
0.720000 0.000000 0.000000 0.000000 0.000000 0.000000 0.000000 0.000000
0.730000 0.000000 0.000000 0.000000 0.000000 0.000000 0.000000 0.000000
0.740000 0.000000 0.000000 0.000000 0.000000 0.000000 0.000000 0.000000
0.750000 0.000000 0.000000 0.000000 0.000000 0.000000 0.000000 0.000000
0.760000 0.000000 0.000000 0.000000 0.000000 0.000000 0.000000 0.000000
0.770000 0.000000 0.000000 0.000000 0.000000 0.000000 0.000000 0.000000
0.780000 0.000000 0.000000 0.000000 0.000000 0.000000 0.000000 0.000000
0.790000 0.000000 0.000000 0.000000 0.000000 0.000000 0.000000 0.000000
0.800000 0.000000 0.000000 0.000000 0.000000 0.000000 0.000000 0.000000
0.810000 0.000000 0.000000 0.000000 0.000000 0.000000 0.000000 0.000000
0.820000 0.000000 0.000000 0.000000 0.000000 0.000000 0.000000 0.000000
0.830000 0.000000 0.000000 0.000000 0.000000 0.000000 0.000000 0.000000
0.840000 0.000000 0.000000 0.000000 0.000000 0.000000 0.000000 0.000000
0.850000 0.000000 0.000000 0.000000 0.000000 0.000000 0.000000 0.000000
0.860000 0.000000 0.000000 0.000000 0.000000 0.000000 0.000000 0.000000
0.870000 0.000000 0.000000 0.000000 0.000000 0.000000 0.000000 0.000000
0.880000 0.000000 0.000000 0.000000 0.000000 0.000000 0.000000 0.000000
0.890000 0.000000 0.000000 0.000000 0.000000 0.000000 0.000000 0.000000
0.900000 0.000000 0.000000 0.000000 0.000000 0.000000 0.000000 0.000000
0.910000 0.000000 0.000000 0.000000 0.000000 0.000000 0.000000 0.000000
0.920000 0.000000 0.000000 0.000000 0.000000 0.000000 0.000000 0.000000
0.930000 0.000000 0.000000 0.000000 0.000000 0.000000 0.000000 0.000000
0.940000 0.000000 0.000000 0.000000 0.000000 0.000000 0.000000 0.000000
0.950000 0.000000 0.000000 0.000000 0.000000 0.000000 0.000000 0.000000
0.960000 0.000000 0.000000 0.000000 0.000000 0.000000 0.000000 0.000000
0.970000 0.000000 0.000000 0.000000 0.000000 0.000000 0.000000 0.000000
0.980000 0.000000 0.000000 0.000000 0.000000 0.000000 0.000000 0.000000
0.990000 0.000000 0.000000 0.000000 0.000000 0.000000 0.000000 0.000000
1.000000 0.000000 0.000000 0.000000 0.000000 0.000000 0.000000 0.000000
1.010000 0.000000 0.000000 0.000000 0.000000 0.000000 0.000000 0.000000
1.020000 0.000000 0.000000 0.000000 0.000000 0.000000 0.000000 0.000000
1.030000 0.000000 0.000000 0.000000 0.000000 0.000000 0.000000 0.000000
1.040000 0.000000 0.000000 0.000000 0.000000 0.000000 0.000000 0.000000
1.050000 0.000000 0.000000 0.000000 0.000000 0.000000 0.000000 0.000000
1.060000 0.000000 0.000000 0.000000 0.000000 0.000000 0.000000 0.000000
1.070000 0.000000 0.000000 0.000000 0.000000 0.000000 0.000000 0.000000
1.080000 0.000000 0.000000 0.000000 0.000000 0.000000 0.000000 0.000000
1.090000 0.000000 0.000000 0.000000 0.000000 0.000000 0.000000 0.000000
1.100000 0.000000 0.000000 0.000000 0.000000 0.000000 0.000000 0.000000
1.110000 0.000000 0.000000 0.000000 0.000000 0.000000 0.000000 0.000000
1.120000 0.000000 0.000000 0.000000 0.000000 0.000000 0.000000 0.000000
1.130000 0.000000 0.000000 0.000000 0.000000 0.000000 0.000000 0.000000
1.140000 0.000000 0.000000 0.000000 0.000000 0.000000 0.000000 0.000000
1.150000 0.000000 0.000000 0.000000 0.000000 0.000000 0.000000 0.000000
1.160000 0.000000 0.000000 0.000000 0.000000 0.000000 0.000000 0.000000
1.170000 0.000000 0.000000 0.000000 0.000000 0.000000 0.000000 0.000000
1.180000 0.000000 0.000000 0.000000 0.000000 0.000000 0.000000 0.000000
1.190000 0.000000 0.000000 0.000000 0.000000 0.000000 0.000000 0.000000
1.200000 0.000000 0.000000 0.000000 0.000000 0.000000 0.000000 0.000000
1.210000 0.000000 0.000000 0.000000 0.000000 0.000000 0.000000 0.000000
1.220000 0.000000 0.000000 0.000000 0.000000 0.000000 0.000000 0.000000
1.230000 0.000000 0.000000 0.000000 0.000000 0.000000 0.000000 0.000000
1.240000 0.000000 0.000000 0.000000 0.000000 0.000000 0.000000 0.000000
1.250000 0.000000 0.000000 0.000000 0.000000 0.000000 0.000000 0.000000
1.260000 0.000000 0.000000 0.000000 0.000000 0.000000 0.000000 0.000000
1.270000 0.000000 0.000000 0.000000 0.000000 0.000000 0.000000 0.000000
1.280000 0.000000 0.000000 0.000000 0.000000 0.000000 0.000000 0.000000
1.290000 0.000000 0.000000 0.000000 0.000000 0.000000 0.000000 0.000000
1.300000 0.000000 0.000000 0.000000 0.000000 0.000000 0.000000 0.000000
1.310000 0.000000 0.000000 0.000000 0.000000 0.000000 0.000000 0.000000
1.320000 0.000000 0.000000 0.000000 0.000000 0.000000 0.000000 0.000000
1.330000 0.000000 0.000000 0.000000 0.000000 0.000000 0.000000 0.000000
1.340000 0.000000 0.000000 0.000000 0.000000 0.000000 0.000000 0.000000
1.350000 0.000000 0.000000 0.000000 0.000000 0.000000 0.000000 0.000000
1.360000 0.000000 0.000000 0.000000 0.000000 0.000000 0.000000 0.000000
1.370000 0.000000 0.000000 0.000000 0.000000 0.000000 0.000000 0.000000
1.380000 0.000000 0.000000 0.000000 0.000000 0.000000 0.000000 0.000000
1.390000 0.000000 0.000000 0.000000 0.000000 0.000000 0.000000 0.000000
1.400000 0.000000 0.000000 0.000000 0.000000 0.000000 0.000000 0.000000
1.410000 0.000000 0.000000 0.000000 0.000000 0.000000 0.000000 0.000000
1.420000 0.000000 0.000000 0.000000 0.000000 0.000000 0.000000 0.000000
1.430000 0.000000 0.000000 0.000000 0.000000 0.000000 0.000000 0.000000
1.440000 0.000000 0.000000 0.000000 0.000000 0.000000 0.000000 0.000000
1.450000 0.000000 0.000000 0.000000 0.000000 0.000000 0.000000 0.000000
1.460000 0.000000 0.000000 0.000000 0.000000 0.000000 0.000000 0.000000
1.470000 0.000000 0.000000 0.000000 0.000000 0.000000 0.000000 0.000000
1.480000 0.000000 0.000000 0.000000 0.000000 0.000000 0.000000 0.000000
1.490000 0.000000 0.000000 0.000000 0.000000 0.000000 0.000000 0.000000
1.500000 0.000000 0.000000 0.000000 0.000000 0.000000 0.000000 0.000000
1.510000 0.000000 0.000000 0.000000 0.000000 0.000000 0.000000 0.000000
1.520000 0.000000 0.000000 0.000000 0.000000 0.000000 0.000000 0.000000
1.530000 0.000000 0.000000 0.000000 0.000000 0.000000 0.000000 0.000000
1.540000 0.000000 0.000000 0.000000 0.000000 0.000000 0.000000 0.000000
1.550000 0.000000 0.000000 0.000000 0.000000 0.000000 0.000000 0.000000
1.560000 0.000000 0.000000 0.000000 0.000000 0.000000 0.000000 0.000000
1.570000 0.000000 0.000000 0.000000 0.000000 0.000000 0.000000 0.000000
1.580000 0.000000 0.000000 0.000000 0.000000 0.000000 0.000000 0.000000
1.590000 0.000000 0.000000 0.000000 0.000000 0.000000 0.000000 0.000000
1.600000 0.000000 0.000000 0.000000 0.000000 0.000000 0.000000 0.000000
1.610000 0.000000 0.000000 0.000000 0.000000 0.000000 0.000000 0.000000
1.620000 0.000000 0.000000 0.000000 0.000000 0.000000 0.000000 0.000000
1.630000 0.000000 0.000000 0.000000 0.000000 0.000000 0.000000 0.000000
1.640000 0.000000 0.000000 0.000000 0.000000 0.000000 0.000000 0.000000
1.650000 0.000000 0.000000 0.000000 0.000000 0.000000 0.000000 0.000000
1.660000 0.000000 0.000000 0.000000 0.000000 0.000000 0.000000 0.000000
1.670000 0.000000 0.000000 0.000000 0.000000 0.000000 0.000000 0.000000
1.680000 0.000000 0.000000 0.000000 0.000000 0.000000 0.000000 0.000000
1.690000 0.000000 0.000000 0.000000 0.000000 0.000000 0.000000 0.000000
1.700000 0.000000 0.000000 0.000000 0.000000 0.000000 0.000000 0.000000
1.710000 0.000000 0.000000 0.000000 0.000000 0.000000 0.000000 0.000000
1.720000 0.000000 0.000000 0.000000 0.000000 0.000000 0.000000 0.000000
1.730000 0.000000 0.000000 0.000000 0.000000 0.000000 0.000000 0.000000
1.740000 0.000000 0.000000 0.000000 0.000000 0.000000 0.000000 0.000000
1.750000 0.000000 0.000000 0.000000 0.000000 0.000000 0.000000 0.000000
1.760000 0.000000 0.000000 0.000000 0.000000 0.000000 0.000000 0.000000
1.770000 0.000000 0.000000 0.000000 0.000000 0.000000 0.000000 0.000000
1.780000 0.000000 0.000000 0.000000 0.000000 0.000000 0.000000 0.000000
1.790000 0.000000 0.000000 0.000000 0.000000 0.000000 0.000000 0.000000
1.800000 0.000000 0.000000 0.000000 0.000000 0.000000 0.000000 0.000000
1.810000 0.000000 0.000000 0.000000 0.000000 0.000000 0.000000 0.000000
1.820000 0.000000 0.000000 0.000000 0.000000 0.000000 0.000000 0.000000
1.830000 0.000000 0.000000 0.000000 0.000000 0.000000 0.000000 0.000000
1.840000 0.000000 0.000000 0.000000 0.000000 0.000000 0.000000 0.000000
1.850000 0.000000 0.000000 0.000000 0.000000 0.000000 0.000000 0.000000
1.860000 0.000000 0.000000 0.000000 0.000000 0.000000 0.000000 0.000000
1.870000 0.000000 0.000000 0.000000 0.000000 0.000000 0.000000 0.000000
1.880000 0.000000 0.000000 0.000000 0.000000 0.000000 0.000000 0.000000
1.890000 0.000000 0.000000 0.000000 0.000000 0.000000 0.000000 0.000000
1.900000 0.000000 0.000000 0.000000 0.000000 0.000000 0.000000 0.000000
1.910000 0.000000 0.000000 0.000000 0.000000 0.000000 0.000000 0.000000
1.920000 0.000000 0.000000 0.000000 0.000000 0.000000 0.000000 0.000000
1.930000 0.000000 0.000000 0.000000 0.000000 0.000000 0.000000 0.000000
1.940000 0.000000 0.000000 0.000000 0.000000 0.000000 0.000000 0.000000
1.950000 0.000000 0.000000 0.000000 0.000000 0.000000 0.000000 0.000000
1.960000 0.000000 0.000000 0.000000 0.000000 0.000000 0.000000 0.000000
1.970000 0.000000 0.000000 0.000000 0.000000 0.000000 0.000000 0.000000
1.980000 0.000000 0.000000 0.000000 0.000000 0.000000 0.000000 0.000000
1.990000 0.000000 0.000000 0.000000 0.000000 0.000000 0.000000 0.000000
2.000000 0.000000 0.000000 0.000000 0.000000 0.000000 0.000000 0.000000
2.010000 0.000000 0.000000 0.000000 0.000000 0.000000 0.000000 0.000000
2.020000 0.000000 0.000000 0.000000 0.000000 0.000000 0.000000 0.000000
2.030000 0.000000 0.000000 0.000000 0.000000 0.000000 0.000000 0.000000
2.040000 0.000000 0.000000 0.000000 0.000000 0.000000 0.000000 0.000000
2.050000 0.000000 0.000000 0.000000 0.000000 0.000000 0.000000 0.000000
2.060000 0.000000 0.000000 0.000000 0.000000 0.000000 0.000000 0.000000
2.070000 0.000000 0.000000 0.000000 0.000000 0.000000 0.000000 0.000000
2.080000 0.000000 0.000000 0.000000 0.000000 0.000000 0.000000 0.000000
2.090000 0.000000 0.000000 0.000000 0.000000 0.000000 0.000000 0.000000
2.100000 0.000000 0.000000 0.000000 0.000000 0.000000 0.000000 0.000000
2.110000 0.000000 0.000000 0.000000 0.000000 0.000000 0.000000 0.000000
2.120000 0.000000 0.000000 0.000000 0.000000 0.000000 0.000000 0.000000
2.130000 0.000000 0.000000 0.000000 0.000000 0.000000 0.000000 0.000000
2.140000 0.000000 0.000000 0.000000 0.000000 0.000000 0.000000 0.000000
2.150000 0.000000 0.000000 0.000000 0.000000 0.000000 0.000000 0.000000
2.160000 0.000000 0.000000 0.000000 0.000000 0.000000 0.000000 0.000000
2.170000 0.000000 0.000000 0.000000 0.000000 0.000000 0.000000 0.000000
2.180000 0.000000 0.000000 0.000000 0.000000 0.000000 0.000000 0.000000
2.190000 0.000000 0.000000 0.000000 0.000000 0.000000 0.000000 0.000000
2.200000 0.000000 0.000000 0.000000 0.000000 0.000000 0.000000 0.000000
2.210000 0.000000 0.000000 0.000000 0.000000 0.000000 0.000000 0.000000
2.220000 0.000000 0.000000 0.000000 0.000000 0.000000 0.000000 0.000000
2.230000 0.000000 0.000000 0.000000 0.000000 0.000000 0.000000 0.000000
2.240000 0.000000 0.000000 0.000000 0.000000 0.000000 0.000000 0.000000
2.250000 0.000000 0.000000 0.000000 0.000000 0.000000 0.000000 0.000000
2.260000 0.000000 0.000000 0.000125 0.000000 0.000000 0.000010 0.000000
2.270000 0.000000 0.000000 0.000625 0.000000 0.000000 0.000052 0.000000
2.280000 0.000000 0.000250 0.002875 0.000000 0.000000 0.000260 0.000000
2.290000 0.000000 0.001750 0.008875 0.000000 0.000000 0.000885 0.000000
2.300000 0.000000 0.008500 0.024875 0.000000 0.000000 0.002781 0.000000
2.310000 0.000000 0.035750 0.062250 0.000000 0.000000 0.008167 0.000000
2.320000 0.000000 0.101000 0.128625 0.000000 0.000000 0.019135 0.000000
2.330000 0.000000 0.243500 0.237000 0.000000 0.000000 0.040083 0.000000
2.340000 0.000000 0.501375 0.396625 0.000000 0.000000 0.075208 0.000000
2.350000 0.000000 0.841375 0.605625 0.000000 0.000000 0.122125 0.000000
2.360000 0.000000 1.234375 0.854250 0.000000 0.000000 0.178635 0.000000
2.370000 0.000000 1.645750 1.148000 0.000000 0.000000 0.244698 0.000000
2.380000 0.000000 2.054625 1.493125 0.000000 0.000000 0.322615 0.000000
2.390000 0.000000 2.447250 1.878625 0.000000 0.000000 0.415042 0.000000
2.400000 0.000000 2.836625 2.270000 0.000000 0.000000 0.523885 0.000000
2.410000 0.000000 3.224750 2.665750 0.000000 0.000000 0.653594 0.000000
2.420000 0.000000 3.599125 3.033625 0.000000 0.000000 0.799375 0.000000
2.430000 0.000021 3.960875 3.367625 0.000000 0.000000 0.960323 0.000000
2.440000 0.000021 4.297250 3.674625 0.000000 0.000000 1.130990 0.000000
2.450000 0.000042 4.606750 3.940500 0.000000 0.000000 1.301094 0.000000
2.460000 0.000042 4.874000 4.175250 0.000000 0.000000 1.469677 0.000000
2.470000 0.000042 5.093250 4.388375 0.000000 0.000000 1.629948 0.000000
2.480000 0.000104 5.260125 4.583000 0.000000 0.000000 1.782437 0.000000
2.490000 0.000125 5.396000 4.772375 0.000000 0.000000 1.926177 0.000000
2.500000 0.000271 5.509625 4.941500 0.000000 0.000000 2.058865 0.000000
2.510000 0.000333 5.621375 5.086625 0.000000 0.000000 2.179073 0.000000
2.520000 0.000542 5.716250 5.215625 0.000000 0.000000 2.288385 0.000000
2.530000 0.000729 5.797000 5.335625 0.000000 0.000000 2.385271 0.000000
2.540000 0.001167 5.872875 5.432000 0.000000 0.000000 2.470594 0.000000
2.550000 0.001625 5.944125 5.527000 0.000000 0.000000 2.546375 0.000000
2.560000 0.002417 6.007875 5.607250 0.000000 0.000000 2.612854 0.000000
2.570000 0.003583 6.068250 5.678875 0.000000 0.000000 2.671948 0.000000
2.580000 0.005354 6.119875 5.744125 0.000000 0.000000 2.722385 0.000000
2.590000 0.008063 6.166250 5.805625 0.000000 0.000125 2.767208 0.000010
2.600000 0.011437 6.204500 5.861000 0.000000 0.000250 2.806438 0.000021
2.610000 0.016208 6.241250 5.916000 0.000125 0.001625 2.841406 0.000146
2.620000 0.022187 6.274000 5.970250 0.000875 0.004000 2.872458 0.000406
2.630000 0.029896 6.298875 6.018000 0.002250 0.011500 2.898167 0.001146
2.640000 0.038583 6.322500 6.063375 0.006125 0.024875 2.920802 0.002583
2.650000 0.048833 6.339875 6.108125 0.015500 0.048250 2.939844 0.005312
2.660000 0.059667 6.357875 6.145250 0.031625 0.083500 2.956604 0.009594
2.670000 0.070146 6.372000 6.178125 0.060250 0.136000 2.971802 0.016354
2.680000 0.081958 6.384375 6.202875 0.102500 0.199750 2.984281 0.025188
2.690000 0.091271 6.397125 6.230625 0.172000 0.291125 2.996240 0.038594
2.700000 0.101667 6.407500 6.254625 0.276000 0.401000 3.006198 0.056417
2.710000 0.111938 6.417500 6.274375 0.406375 0.534500 3.014615 0.078406
2.720000 0.123458 6.425875 6.294375 0.565875 0.679625 3.022052 0.103792
2.730000 0.135229 6.433250 6.309750 0.753875 0.843125 3.028531 0.133083
2.740000 0.147083 6.440125 6.324000 0.964875 1.002500 3.034333 0.163948
2.750000 0.158896 6.446125 6.337625 1.187375 1.171375 3.039490 0.196563
2.760000 0.170292 6.451625 6.348500 1.402875 1.341875 3.044042 0.228729
2.770000 0.183354 6.456000 6.358250 1.622375 1.510500 3.047885 0.261073
2.780000 0.197438 6.459750 6.367375 1.847250 1.680125 3.051292 0.293948
2.790000 0.211833 6.463625 6.374000 2.068500 1.855750 3.054396 0.327021
2.800000 0.227646 6.466375 6.380375 2.303500 2.024250 3.057083 0.360646
2.810000 0.246083 6.469125 6.385375 2.515250 2.190500 3.059573 0.392146
2.820000 0.267792 6.472000 6.391250 2.730125 2.356625 3.061969 0.423896
2.830000 0.290708 6.474125 6.395750 2.940125 2.501625 3.063948 0.453479
2.840000 0.315938 6.476250 6.401125 3.133625 2.637250 3.065896 0.480906
2.850000 0.339417 6.478125 6.405125 3.319750 2.768875 3.067635 0.507385
2.860000 0.366104 6.479625 6.409375 3.505125 2.900500 3.069271 0.533802
2.870000 0.394813 6.481250 6.412000 3.674875 3.024625 3.070760 0.558292
2.880000 0.424604 6.482500 6.414625 3.827500 3.148875 3.071865 0.581365
2.890000 0.454875 6.483125 6.416875 3.977375 3.266875 3.073021 0.603687
2.900000 0.486979 6.484125 6.419250 4.104625 3.390500 3.074250 0.624594
2.910000 0.519146 6.485375 6.421250 4.231250 3.504750 3.075458 0.644667
2.920000 0.553688 6.486375 6.422875 4.341250 3.620250 3.076563 0.663458
2.930000 0.586958 6.486875 6.424375 4.439250 3.733125 3.077552 0.681031
2.940000 0.620938 6.487500 6.426125 4.535875 3.838750 3.078427 0.697885
2.950000 0.654750 6.488750 6.427625 4.616250 3.938500 3.079323 0.712896
2.960000 0.690313 6.489250 6.429125 4.682750 4.036000 3.080115 0.726563
2.970000 0.725958 6.489750 6.430625 4.752625 4.128625 3.080948 0.740104
2.980000 0.760500 6.490625 6.432250 4.811625 4.222500 3.081844 0.752844
2.990000 0.791771 6.490875 6.433000 4.859750 4.305625 3.082615 0.763781
3.000000 0.824563 6.491375 6.435000 4.906750 4.387125 3.083563 0.774490
3.010000 0.855938 6.492000 6.436125 4.951375 4.466500 3.084271 0.784823
3.020000 0.888458 6.492500 6.438250 4.989750 4.537000 3.085104 0.793896
3.030000 0.921104 6.493375 6.439500 5.021750 4.611250 3.086052 0.802750
3.040000 0.951750 6.493625 6.440875 5.054250 4.675125 3.086948 0.810781
3.050000 0.982063 6.494000 6.441500 5.080500 4.728875 3.087573 0.817448
3.060000 1.011833 6.494250 6.442250 5.106500 4.784000 3.088396 0.824208
3.070000 1.043958 6.494750 6.443625 5.129875 4.837875 3.089125 0.830646
3.080000 1.075333 6.495125 6.444750 5.150125 4.883125 3.089927 0.836104
3.090000 1.108083 6.495625 6.445125 5.167125 4.929750 3.090563 0.841406
3.100000 1.141125 6.495875 6.446250 5.187625 4.973250 3.091250 0.846740
3.110000 1.174146 6.496250 6.447500 5.204000 5.011750 3.092240 0.851313
3.120000 1.208021 6.497000 6.448500 5.218250 5.048250 3.093396 0.855542
3.130000 1.244000 6.497375 6.450125 5.232750 5.080750 3.094448 0.859458
3.140000 1.280083 6.497625 6.451000 5.244125 5.110125 3.095354 0.862854
3.150000 1.316708 6.497750 6.451875 5.257375 5.136875 3.096333 0.866188
3.160000 1.354396 6.498125 6.452625 5.267000 5.159375 3.097458 0.868865
3.170000 1.396354 6.498250 6.453500 5.277250 5.182625 3.098563 0.871656
3.180000 1.438792 6.498500 6.454250 5.284875 5.202500 3.099510 0.873948
3.190000 1.482917 6.498625 6.455250 5.291125 5.221375 3.100750 0.876042
3.200000 1.529250 6.499000 6.456125 5.300000 5.239000 3.101854 0.878250
3.210000 1.574708 6.499125 6.457000 5.308500 5.256625 3.103323 0.880427
3.220000 1.621396 6.499125 6.457625 5.315500 5.272750 3.104771 0.882354
3.230000 1.668000 6.499375 6.458000 5.321500 5.285000 3.106188 0.883875
3.240000 1.715729 6.499375 6.459000 5.328750 5.296875 3.107792 0.885469
3.250000 1.763979 6.499500 6.459500 5.333500 5.309125 3.109438 0.886885
3.260000 1.814250 6.499625 6.460375 5.337500 5.320750 3.110990 0.888188
3.270000 1.864812 6.499625 6.461000 5.343375 5.331125 3.112573 0.889542
3.280000 1.915542 6.499625 6.461500 5.348750 5.341000 3.114521 0.890813
3.290000 1.968375 6.499625 6.462250 5.352500 5.349500 3.116438 0.891833
3.300000 2.020875 6.499875 6.462875 5.357750 5.358250 3.118708 0.893000
3.310000 2.073958 6.500000 6.463375 5.362625 5.365875 3.121063 0.894042
3.320000 2.126271 6.500250 6.464000 5.367500 5.375250 3.123875 0.895229
3.330000 2.180813 6.500375 6.464625 5.371375 5.383000 3.126333 0.896198
3.340000 2.233438 6.500500 6.465000 5.374750 5.392375 3.129167 0.897260
3.350000 2.288917 6.500750 6.465375 5.379375 5.399125 3.131802 0.898208
3.360000 2.346646 6.501000 6.466000 5.383750 5.406625 3.134698 0.899198
3.370000 2.403271 6.501375 6.467125 5.388375 5.412500 3.138167 0.900073
3.380000 2.459833 6.501500 6.468375 5.391500 5.419125 3.141719 0.900885
3.390000 2.517292 6.501625 6.468625 5.395625 5.425375 3.145583 0.901750
3.400000 2.574563 6.501875 6.469125 5.398875 5.431750 3.149771 0.902552
3.410000 2.633021 6.502000 6.469875 5.402125 5.437625 3.153625 0.903313
3.420000 2.689479 6.502625 6.470750 5.405375 5.445500 3.158656 0.904240
3.430000 2.747417 6.502625 6.471625 5.408000 5.452375 3.163500 0.905031
3.440000 2.806292 6.502875 6.472750 5.411000 5.459500 3.168833 0.905875
3.450000 2.867458 6.503000 6.473250 5.414125 5.465625 3.174260 0.906646
3.460000 2.927729 6.503250 6.474000 5.417125 5.471625 3.180604 0.907396
3.470000 2.986188 6.503750 6.475000 5.420125 5.477625 3.186958 0.908146
3.480000 3.045042 6.503750 6.475625 5.423375 5.483250 3.193635 0.908885
3.490000 3.102083 6.504250 6.476500 5.426750 5.489250 3.200833 0.909667
3.500000 3.161875 6.504500 6.477125 5.429500 5.493500 3.208396 0.910250
3.510000 3.219375 6.504750 6.477875 5.432375 5.498250 3.216479 0.910885
3.520000 3.277542 6.504875 6.478625 5.434625 5.503625 3.224844 0.911521
3.530000 3.334438 6.505250 6.480000 5.438375 5.510250 3.235000 0.912385
3.540000 3.390979 6.505500 6.481625 5.441500 5.513500 3.245354 0.912917
3.550000 3.447479 6.505875 6.482750 5.444375 5.519125 3.256458 0.913625
3.560000 3.503604 6.505875 6.483750 5.448000 5.524250 3.267542 0.914354
3.570000 3.561938 6.506125 6.484125 5.449625 5.530250 3.279552 0.914990
3.580000 3.617979 6.506625 6.485000 5.451875 5.534875 3.291750 0.915563
3.590000 3.673208 6.506875 6.485750 5.455625 5.540250 3.304885 0.916323
3.600000 3.727625 6.507000 6.487625 5.459625 5.546500 3.319302 0.917177
3.610000 3.781208 6.507250 6.489125 5.463375 5.551000 3.334948 0.917865
3.620000 3.835938 6.507500 6.490000 5.467250 5.555375 3.351375 0.918552
3.630000 3.889208 6.508000 6.490500 5.470875 5.562500 3.368521 0.919448
3.640000 3.945167 6.508500 6.492250 5.473625 5.569375 3.387177 0.920250
3.650000 3.998979 6.508625 6.494625 5.476750 5.575625 3.406740 0.921031
3.660000 4.051750 6.509125 6.496000 5.480875 5.583125 3.427260 0.922000
3.670000 4.104792 6.509750 6.497875 5.484375 5.590875 3.449042 0.922938
3.680000 4.156521 6.510250 6.499625 5.488375 5.596875 3.471917 0.923771
3.690000 4.206875 6.510500 6.502375 5.492000 5.604250 3.496635 0.924688
3.700000 4.258792 6.511375 6.504375 5.496125 5.611625 3.521917 0.925646
3.710000 4.309000 6.512375 6.506625 5.501750 5.619125 3.548188 0.926740
3.720000 4.356917 6.512875 6.509125 5.505750 5.627375 3.576542 0.927760
3.730000 4.408229 6.513500 6.511625 5.510250 5.635250 3.605812 0.928792
3.740000 4.458625 6.514125 6.514125 5.514875 5.641875 3.636625 0.929729
3.750000 4.509833 6.515125 6.517000 5.520500 5.649750 3.668240 0.930854
3.760000 4.558667 6.515875 6.520750 5.524750 5.659125 3.700979 0.931990
3.770000 4.607396 6.516875 6.524500 5.530625 5.668125 3.734802 0.933229
3.780000 4.658208 6.518500 6.528000 5.536750 5.677875 3.771010 0.934552
3.790000 4.706208 6.519375 6.531375 5.541750 5.689500 3.808073 0.935938
3.800000 4.757646 6.520625 6.535500 5.549125 5.699500 3.846365 0.937385
3.810000 4.808625 6.521750 6.540500 5.557125 5.710000 3.885208 0.938927
3.820000 4.860896 6.522750 6.545375 5.565500 5.720000 3.924250 0.940458
3.830000 4.911604 6.525125 6.554000 5.574500 5.731125 3.965729 0.942135
3.840000 4.963438 6.526500 6.560000 5.582750 5.743750 4.006740 0.943875
3.850000 5.015813 6.528125 6.565000 5.591125 5.757875 4.047667 0.945750
3.860000 5.068771 6.530000 6.573250 5.598500 5.770375 4.089792 0.947406
3.870000 5.120896 6.532750 6.580250 5.606875 5.783500 4.134552 0.949198
3.880000 5.174104 6.534750 6.588625 5.615750 5.800500 4.178125 0.951354
3.890000 5.226208 6.537625 6.598375 5.626000 5.813750 4.223115 0.953313
3.900000 5.278146 6.540000 6.607375 5.634375 5.828250 4.268240 0.955219
3.910000 5.331021 6.542875 6.618000 5.643000 5.844875 4.314740 0.957323
3.920000 5.383292 6.546375 6.628250 5.654625 5.858750 4.361438 0.959448
3.930000 5.437188 6.549750 6.638000 5.663500 5.874375 4.407854 0.961490
3.940000 5.492833 6.553750 6.649375 5.672875 5.891625 4.454635 0.963708
3.950000 5.547063 6.558250 6.660500 5.686125 5.910500 4.501573 0.966385
3.960000 5.600917 6.563250 6.675875 5.698250 5.927375 4.547583 0.968802
3.970000 5.657333 6.567000 6.691875 5.709750 5.943750 4.593729 0.971125
3.980000 5.712833 6.573375 6.708625 5.722750 5.963625 4.640437 0.973865
3.990000 5.770333 6.580625 6.725875 5.736000 5.984250 4.687802 0.976688
4.000000 5.826208 6.587750 6.747625 5.750125 6.003875 4.734271 0.979500
4.010000 5.882854 6.593125 6.771250 5.764250 6.021750 4.780760 0.982167
4.020000 5.938896 6.599250 6.794250 5.778125 6.044125 4.827208 0.985188
4.030000 5.997188 6.606875 6.820000 5.794250 6.061875 4.873656 0.988010
4.040000 6.054104 6.614625 6.847750 5.809625 6.081500 4.919385 0.990927
4.050000 6.110417 6.621375 6.874375 5.823750 6.102625 4.964740 0.993865
4.060000 6.166688 6.629625 6.901375 5.839750 6.122000 5.010708 0.996813
4.070000 6.224104 6.640250 6.932375 5.855125 6.144875 5.056958 1.000000
4.080000 6.280542 6.652000 6.962125 5.870250 6.167875 5.102865 1.003177
4.090000 6.337479 6.663125 6.990875 5.887500 6.189750 5.147562 1.006438
4.100000 6.394354 6.674375 7.021625 5.907750 6.216875 5.191865 1.010385
4.110000 6.452188 6.684125 7.055125 5.924500 6.241125 5.235812 1.013802
4.120000 6.507104 6.695625 7.091000 5.939125 6.265375 5.280167 1.017042
4.130000 6.563292 6.706250 7.125500 5.956000 6.292750 5.323844 1.020729
4.140000 6.619813 6.718000 7.163000 5.972500 6.319000 5.368219 1.024292
4.150000 6.677313 6.729625 7.199375 5.989875 6.346875 5.411271 1.028063
4.160000 6.732479 6.745500 7.237500 6.006250 6.374250 5.456010 1.031708
4.170000 6.787292 6.758625 7.271125 6.024625 6.401000 5.500667 1.035469
4.180000 6.842292 6.773750 7.306250 6.041750 6.425500 5.545042 1.038938
4.190000 6.899688 6.788875 7.343250 6.060000 6.453750 5.589687 1.042813
4.200000 6.954313 6.803375 7.385375 6.074750 6.484000 5.634667 1.046563
4.210000 7.009042 6.820000 7.422625 6.093125 6.513375 5.681177 1.050542
4.220000 7.064146 6.837875 7.459500 6.110750 6.544750 5.727698 1.054625
4.230000 7.118313 6.856750 7.498500 6.128625 6.574875 5.775802 1.058625
4.240000 7.172833 6.875750 7.537375 6.144500 6.600875 5.822854 1.062115
4.250000 7.226938 6.892625 7.574375 6.163250 6.634000 5.869906 1.066438
4.260000 7.281937 6.915000 7.615000 6.182625 6.662625 5.919271 1.070438
4.270000 7.336500 6.933625 7.655125 6.199125 6.694250 5.967937 1.074448
4.280000 7.389604 6.953375 7.692250 6.218375 6.725750 6.015937 1.078677
4.290000 7.441750 6.974375 7.727250 6.236000 6.760125 6.064302 1.083010
4.300000 7.492646 6.994625 7.769375 6.254250 6.794125 6.113771 1.087365
4.310000 7.542854 7.014250 7.810000 6.272250 6.830625 6.164833 1.091906
4.320000 7.594979 7.034750 7.853000 6.292125 6.863375 6.214667 1.096292
4.330000 7.647729 7.053375 7.895000 6.309375 6.893125 6.264500 1.100208
4.340000 7.698167 7.076500 7.941500 6.328625 6.922375 6.315406 1.104250
4.350000 7.749292 7.096750 7.977125 6.346875 6.956375 6.365323 1.108604
4.360000 7.800625 7.118000 8.017625 6.364125 6.993250 6.417437 1.113115
4.370000 7.849458 7.138500 8.059250 6.382750 7.033250 6.469719 1.118000
4.380000 7.897687 7.159625 8.101250 6.401875 7.069750 6.521427 1.122635
4.390000 7.945812 7.181500 8.147750 6.421250 7.107125 6.573385 1.127365
4.400000 7.993875 7.205500 8.187875 6.439875 7.150250 6.624708 1.132510
4.410000 8.041375 7.228125 8.229250 6.460625 7.189750 6.675750 1.137531
4.420000 8.089937 7.251750 8.271375 6.479000 7.231250 6.726792 1.142521
4.430000 8.137271 7.274500 8.311875 6.495375 7.270000 6.779042 1.147115
4.440000 8.184521 7.296500 8.360250 6.518125 7.314750 6.830719 1.152740
4.450000 8.232021 7.321625 8.402750 6.540000 7.356875 6.883021 1.158073
4.460000 8.279271 7.345000 8.443000 6.559500 7.399750 6.935052 1.163271
4.470000 8.327604 7.366750 8.484250 6.579000 7.442750 6.987417 1.168479
4.480000 8.375083 7.390625 8.531250 6.597250 7.484000 7.041385 1.173438
4.490000 8.423792 7.419125 8.581625 6.616250 7.528250 7.095083 1.178708
4.500000 8.474750 7.442375 8.625125 6.635875 7.572125 7.146490 1.184000
4.510000 8.523312 7.465500 8.671125 6.653125 7.613375 7.199552 1.188875
4.520000 8.573458 7.490875 8.713875 6.673250 7.662500 7.253594 1.194646
4.530000 8.625646 7.513000 8.765875 6.692750 7.703125 7.308740 1.199656
4.540000 8.676771 7.538250 8.812875 6.710625 7.748125 7.362146 1.204896
4.550000 8.730625 7.562000 8.860625 6.730625 7.791125 7.417042 1.210146
4.560000 8.783750 7.586250 8.905000 6.748000 7.837125 7.471135 1.215427
4.570000 8.838437 7.611250 8.950000 6.768125 7.881125 7.526771 1.220771
4.580000 8.897958 7.634375 9.000125 6.787500 7.926500 7.582510 1.226167
4.590000 8.959146 7.659125 9.044875 6.805625 7.968250 7.638885 1.231156
4.600000 9.020188 7.683125 9.087125 6.826375 8.014500 7.694302 1.236740
4.610000 9.086771 7.706625 9.132875 6.848125 8.060000 7.751542 1.242344
4.620000 9.157542 7.729500 9.181625 6.870125 8.104000 7.808531 1.247844
4.630000 9.230167 7.751500 9.232000 6.891375 8.150000 7.868552 1.253448
4.640000 9.307125 7.775625 9.278500 6.915375 8.196625 7.928792 1.259333
4.650000 9.388563 7.796375 9.321000 6.939500 8.238625 7.988406 1.264844
4.660000 9.469583 7.826500 9.366000 6.962375 8.280875 8.050271 1.270271
4.670000 9.553750 7.851000 9.415250 6.983625 8.320125 8.114240 1.275313
4.680000 9.641104 7.881750 9.464375 7.006750 8.367000 8.178667 1.281146
4.690000 9.726729 7.911000 9.511875 7.030000 8.409250 8.242094 1.286604
4.700000 9.815250 7.944875 9.555875 7.056625 8.456250 8.306375 1.292740
4.710000 9.899792 7.981000 9.602750 7.081750 8.497125 8.372479 1.298240
4.720000 9.984292 8.013375 9.646375 7.110125 8.548000 8.437927 1.304844
4.730000 10.066292 8.049625 9.691125 7.137375 8.597125 8.505542 1.311208
4.740000 10.147542 8.088000 9.735125 7.170000 8.641625 8.573729 1.317635
4.750000 10.227958 8.129250 9.777500 7.202875 8.690125 8.643948 1.324417
4.760000 10.303271 8.172000 9.824250 7.239625 8.736750 8.715198 1.331365
4.770000 10.377333 8.217250 9.867375 7.276250 8.784375 8.785135 1.338385
4.780000 10.449625 8.265000 9.911500 7.318500 8.831375 8.855177 1.345823
4.790000 10.521146 8.311750 9.957750 7.362125 8.877375 8.926771 1.353292
4.800000 10.591521 8.363625 10.002000 7.407500 8.928750 8.998917 1.361354
4.810000 10.661771 8.419500 10.043375 7.450375 8.977250 9.070156 1.368969
4.820000 10.731396 8.474875 10.085125 7.498500 9.029375 9.139563 1.377323
4.830000 10.798771 8.530000 10.125625 7.549875 9.078875 9.208844 1.385729
4.840000 10.867354 8.587125 10.172250 7.599875 9.121625 9.279240 1.393458
4.850000 10.933396 8.642250 10.215750 7.654375 9.159375 9.347240 1.401146
4.860000 10.997625 8.698500 10.260375 7.711500 9.209000 9.415292 1.410042
4.870000 11.063583 8.755500 10.303250 7.768750 9.256875 9.482302 1.418802
4.880000 11.128063 8.822000 10.344500 7.827875 9.304875 9.549062 1.427729
4.890000 11.189208 8.882625 10.386625 7.889625 9.352625 9.615406 1.436854
4.900000 11.247771 8.948250 10.430250 7.957375 9.397875 9.681437 1.446271
4.910000 11.303917 9.020750 10.474375 8.024875 9.441875 9.748552 1.455563
4.920000 11.359896 9.092125 10.518000 8.087000 9.484375 9.815094 1.464281
4.930000 11.413250 9.163125 10.555750 8.154750 9.531125 9.880406 1.473823
4.940000 11.468938 9.234375 10.594250 8.223625 9.577625 9.945458 1.483438
4.950000 11.523167 9.310625 10.634250 8.293750 9.624000 10.010906 1.493146
4.960000 11.577104 9.385500 10.672250 8.361125 9.667125 10.075802 1.502354
4.970000 11.629042 9.462625 10.708750 8.430250 9.709625 10.139708 1.511656
4.980000 11.680333 9.541125 10.742250 8.505125 9.752875 10.204062 1.521500
4.990000 11.729750 9.627500 10.777250 8.574875 9.794375 10.266167 1.530771
5.000000 11.729750 9.627500 10.777250 8.574875 9.794375 10.266167 1.530771
