,time,inherent MSD,inherent MSCD,actual MSD,actual MSCD
0,1.0,0.8256464597856139,1.0114828300333625,1.2268345840953383,1.5517346692871665
1,1.2,0.9421369561200321,1.1244181573046181,1.345526718955617,1.6349854198003813
2,1.4,1.0585552764901391,1.260041704906252,1.4590691743930122,1.7580919600474738
3,1.6,1.1688174841961667,1.3864358663028702,1.5731300587904957,1.9226426948101822
4,1.8,1.27499485993146,1.5179963920944324,1.6853172272483299,1.9700495022202018
5,2.0,1.3793914666045826,1.6311169931936769,1.7861565303421465,2.0807934237644012
6,2.2,1.4778813419837113,1.7494957468192431,1.8784596248341299,2.2088239408848813
7,2.4,1.57461316786588,1.8973880925496907,1.9662130554652848,2.344763556324758
8,2.6,1.6728323661026225,2.055956639732542,2.062623761742737,2.484787075850516
9,2.8,1.7683456082332978,2.184940525708362,2.1629107139702826,2.5850386972102366
10,3.0,1.863730554095189,2.3035183436800595,2.260036804810076,2.696599758431604
11,3.2,1.9576588529930679,2.459820157920715,2.352197829995486,2.8843574597767465
12,3.4,2.0536412750630872,2.610023476000345,2.4407164751465706,3.0875485711793846
13,3.6,2.1500837556749213,2.739446679552803,2.5354793975057057,3.1897163805071123
14,3.8,2.2449385596470752,2.8706676227151404,2.630318429116149,3.294892829892314
15,4.0,2.3393024929015773,3.0075801805521327,2.7278449245422984,3.3677545710737746
16,4.2,2.4323589352285464,3.143693512732582,2.8256821382288106,3.545424016497307
17,4.4,2.5252481457190386,3.3014324964364814,2.915161978954847,3.6815689914082146
18,4.6,2.6159078465733385,3.4611904855688613,3.00674452493708,3.827013116285256
19,4.8,2.704988497408413,3.616155565914525,3.0901009010756044,4.0046701454057185
20,5.0,2.791979902090817,3.7585054127194977,3.1789118480822345,4.121511710600428
21,5.2,2.8783921303423976,3.8784430524369635,3.2659512846481085,4.2918887185590675
22,5.4,2.9619733650461506,4.011925583815542,3.3485556913509846,4.426121708604336
23,5.6,3.0426069545543526,4.125013189088512,3.428062200010464,4.530383079047001
24,5.8,3.123722693741247,4.228202729085636,3.5063281824809844,4.599614715427983
25,6.0,3.2039168238495797,4.321781481150604,3.5863201925063444,4.732252959604178
26,6.2,3.281837742232875,4.444941526150454,3.665943160342801,4.871433476990086
27,6.4,3.360524066579037,4.552511783596301,3.74553316137735,4.939571088494861
28,6.6,3.438211519410221,4.703749761477275,3.822425495691187,5.019599823084746
29,6.8,3.5161891499760287,4.817385983985154,3.8989715355678385,5.193200098289204
30,7.0,3.5925090796825825,4.9243386387039925,3.9716552334021293,5.328233534609131
31,7.2,3.66724309632804,5.004572512204233,4.042424398553972,5.422846328062069
32,7.4,3.7446713214195513,5.116536297347239,4.118347307307579,5.51403239601668
33,7.6,3.8215168977262617,5.228255629489431,4.196037052842885,5.593265235181186
34,7.8,3.898932547316452,5.363246627607317,4.276188448698927,5.715751802184612
35,8.0,3.9746107562197537,5.467580522599956,4.353374495592658,5.88534123560039
36,8.2,4.0496609803194685,5.547528359680314,4.426027026482299,5.949105452537339
37,8.4,4.124362349590222,5.615152415497849,4.500692979453123,5.986782440431965
38,8.6,4.1977962957300825,5.677854676605748,4.57707294903835,6.00755033266152
39,8.8,4.271432964658233,5.751564383992069,4.654807238819219,6.120221603814521
40,9.0,4.345629336366094,5.81361545946879,4.728884405513797,6.172128102570048
41,9.2,4.4181207095627135,5.866989601063625,4.799332253892651,6.258939935306785
42,9.4,4.487743715468854,5.891549321108496,4.863499806655735,6.279852261294953
43,9.6,4.5593232936312305,5.882555339328365,4.933948699071546,6.26426387582779
44,9.8,4.6310451876510506,5.87621472359502,5.006951817879731,6.273979550980076
45,10.0,4.70087159082878,5.883404752900867,5.075734614243417,6.313664152158665
46,10.2,4.769104940325804,5.887728915452212,5.146191488957386,6.340224037073564
47,10.4,4.837700922143835,5.848258881423619,5.2143763559437835,6.264339762880026
48,10.6,4.906639705206147,5.831941341928414,5.281387863244202,6.20040455779946
49,10.8,4.976735675092236,5.805172181013945,5.347115306621395,6.213919943479829
50,11.0,5.046556211204937,5.802487897588592,5.411977185624934,6.230699445156616
51,11.2,5.116997777620189,5.7907624352085625,5.4831488326572115,6.226359628515723
52,11.4,5.189414465256731,5.787536513457746,5.553050741476795,6.2289907369198865
53,11.6,5.263275805894512,5.795698529602517,5.627126619542594,6.237551524143289
54,11.8,5.3373731956955135,5.7717390162056255,5.700797784715415,6.159588229743201
55,12.0,5.409397230387261,5.716840766841778,5.772733353259068,6.178361050426571
56,12.2,5.484030799951781,5.668366471692047,5.848594802297414,6.114266027771471
57,12.4,5.558001197891823,5.622707460267011,5.921606276046725,6.11242800749064
58,12.6,5.631465832351875,5.55046208449557,5.993195168526896,6.032977026537147
59,12.8,5.7035133034833025,5.505428869885197,6.066764622820325,6.025457222404704
60,13.0,5.774513085075685,5.492007352592868,6.1422462030995595,6.026206231509854
61,13.2,5.847550978189216,5.461258116583019,6.218076630879298,5.985225991798864
62,13.4,5.919785359421401,5.4213807043056015,6.292029051775887,5.968989728049693
63,13.6,5.991006885748952,5.398137772174901,6.362205703985695,5.925705867929992
64,13.8,6.063244826672545,5.383732908631765,6.433754427672305,5.91605181444972
65,14.0,6.135606076841313,5.386967234368027,6.505274405909808,5.933605427192069
66,14.2,6.207891690202852,5.384248699020415,6.570025134674708,5.982866219917145
67,14.4,6.278643623617363,5.360290595800478,6.639270553123883,5.949764158487313
68,14.6,6.349555529369826,5.3609813026804245,6.7127914149383505,5.941213062265824
69,14.8,6.419940091993527,5.3508785069382965,6.78001736340777,5.86809642414865
70,15.0,6.489170530372377,5.347327543821706,6.853656035541576,5.88149164152836
71,15.2,6.559572038219184,5.3661099882800825,6.928151875539368,5.8793229338208945
72,15.4,6.629848423421163,5.403491950419311,6.992892848985677,5.862860368281946
73,15.6,6.701917434844965,5.412555438417594,7.061444078419892,5.8739857852342
74,15.8,6.773712387444571,5.461694304872684,7.137595303822988,5.893261839778865
75,16.0,6.847097955060882,5.524158258164874,7.206085341679536,5.957415506353496
76,16.2,6.919111866266914,5.547959870892838,7.278858675279484,5.980167715244086
77,16.4,6.989165364369139,5.561739247718087,7.3497145263565615,6.005270435561354
78,16.6,7.058054758044913,5.61218888828295,7.4158818816369925,6.004212893816717
79,16.8,7.129652225378681,5.655630829979276,7.4851225722533306,6.139223233182087
80,17.0,7.199193163035969,5.7396032583655705,7.55156955222114,6.2597036122898615
81,17.2,7.266218175241242,5.807805938950593,7.6239212066008575,6.32593730838641
82,17.4,7.333071015496596,5.8814794754701625,7.691973608597654,6.338247302186015
83,17.6,7.397749954555366,5.985261895425914,7.757327911213437,6.45827475152036
84,17.8,7.462083723652108,6.085432366679068,7.818620974375456,6.487403451058367
85,18.0,7.526059245253895,6.153779239069096,7.881318778078814,6.565863303593864
86,18.2,7.588906645812076,6.211124561462841,7.940942830190191,6.646660126803446
87,18.4,7.651648665489835,6.2634985557716805,8.002604940259298,6.693211240510757
88,18.6,7.716199272389702,6.3509911826233045,8.070947305913142,6.79496957915311
89,18.8,7.780927317475915,6.48560819344636,8.135480029965839,6.897006190556843
90,19.0,7.845903875413366,6.593580337841842,8.201914966337815,7.08176846153604
91,19.2,7.910740930336573,6.677135498844397,8.258360105137251,7.201783964296767
92,19.4,7.974683646818149,6.74034957566591,8.321013277330222,7.260743124873745
93,19.6,8.04157205029091,6.808480026621598,8.392602724129071,7.291118353546964
94,19.8,8.105158790837097,6.86237870870432,8.458724232278593,7.384688328410465
95,20.0,8.168382507889477,6.914972573954604,8.522019806634148,7.438929097493282
96,20.2,8.227929102708536,6.892700985748451,8.57741690510276,7.368976261262279
97,20.4,8.286600111497846,6.887762708857038,8.632291235174735,7.348518910492676
98,20.6,8.349177372493589,6.903542515561856,8.691108003726203,7.412519225452418
99,20.8,8.410970823020234,6.9412051793118446,8.750225184451041,7.45283680343172
100,21.0,8.472451035767731,6.970756564994061,8.813255766890236,7.4703581326359805
101,21.2,8.533149813986675,7.016963429387851,8.878532458201223,7.501610919844931
102,21.4,8.594253875372718,7.078706275588803,8.940008645058281,7.570636378392375
103,21.6,8.658260140586405,7.059067426686109,8.999522827564215,7.609373194607431
104,21.8,8.723192381544566,7.115483542517482,9.06204282623603,7.653563576240168
105,22.0,8.786076276843147,7.162417493657224,9.128077101871147,7.7419058253600035
106,22.2,8.851181177624214,7.2058136682374725,9.188770740752423,7.808982279451029
107,22.4,8.913889528277311,7.25232742778869,9.255122039784709,7.811267194223536
108,22.6,8.973999689286865,7.285462546969015,9.317906347145218,7.9244745451861265
109,22.8,9.036271048868628,7.3358101772696145,9.381430151294643,7.94017310777689
110,23.0,9.099155256240765,7.439478905773671,9.444535769638739,8.079651099482438
111,23.2,9.16296705423048,7.530953765474813,9.50627884429467,8.175282984432103
112,23.4,9.228173658166186,7.5956075065034705,9.570425517899128,8.335484109335754
113,23.6,9.296969565827327,7.684459288937483,9.6398249963302,8.4405505801621
114,23.8,9.365306568007291,7.716516831104367,9.709614048193183,8.50996477845917
115,24.0,9.431126022910043,7.7626801144389574,9.775112714779787,8.548913272018401
116,24.2,9.496792914596831,7.819306462614165,9.837959221930609,8.53526253149262
117,24.4,9.562967380061286,7.88437785839142,9.900465590883925,8.579707549547871
118,24.6,9.62799884945793,7.933754803742352,9.968778433536992,8.722394592278247
119,24.8,9.695599887029438,8.038786463554782,10.032569013114271,8.840832997777522
120,25.0,9.761788803692673,8.134264696970703,10.102315825089105,8.883750286607945
121,25.2,9.830173032568855,8.275904582497828,10.169451690252982,8.967231641078545
122,25.4,9.897736762987286,8.392911369358218,10.23663535127959,9.071927673549181
123,25.6,9.963898091506264,8.458896619780827,10.297980647820573,9.19242985152257
124,25.8,10.027820447975133,8.446256881483338,10.356918437072201,9.154536569447613
125,26.0,10.093573188675194,8.494687261474736,10.420276728386698,9.152174111381369
126,26.2,10.164684593715636,8.567662026780736,10.495627391572535,9.285806144296993
127,26.4,10.235856653631929,8.688456206838508,10.573187198387947,9.463782299867999
128,26.6,10.308844918790799,8.809263136874131,10.645734329736085,9.651711636853241
129,26.8,10.37865430228102,8.86719715838371,10.712713124872481,9.68991423272861
130,27.0,10.449257405461095,8.945164020078293,10.782963056171633,9.742579141859817
131,27.2,10.522648112236347,9.071295746535863,10.860436131568976,9.780711793796467
132,27.4,10.596445356608411,9.178480291908357,10.937386199340827,10.015281491328137
133,27.6,10.673680793598939,9.329868517628137,11.024258396802457,10.179537891262566
134,27.8,10.75371319999448,9.481139451881402,11.101674348503785,10.338416821418361
135,28.0,10.830989317294524,9.578727357467235,11.168843560404873,10.406371506982925
136,28.2,10.903677128397517,9.710639914556571,11.24484723869127,10.557593268462771
137,28.4,10.97315554587862,9.835286294917887,11.31743445109636,10.624626202110816
138,28.6,11.042716300873025,9.996692121419182,11.387205747615775,10.708615065668083
139,28.8,11.110528819192362,10.10715414009954,11.454282648543485,10.820037915284862
140,29.0,11.182899161155424,10.186934422919032,11.523086637048223,10.936550091264024
141,29.2,11.2509467209864,10.268317272864559,11.595658468039678,11.024418118982519
142,29.4,11.320329976042506,10.387501302147333,11.664412164656069,11.052506577945623
143,29.6,11.391519218005307,10.509707574835742,11.731764542818302,11.174461524280268
144,29.8,11.464683533718064,10.602410952099136,11.801998462007283,11.2743516117513
145,30.0,11.53247223678118,10.76501374507712,11.871848426338035,11.401146524613969
146,30.2,11.59983385785596,10.885792699106439,11.93554882780147,11.543774346436505
147,30.4,11.666136046595716,10.977246643874073,11.998018939826371,11.61524642760646
148,30.6,11.730810085307994,11.074197260404501,12.05947854967341,11.64369359070549
149,30.8,11.791451143646116,11.145131545594873,12.123863347323287,11.616890217472518
150,31.0,11.851353661165426,11.200443452861537,12.185859853407322,11.652199754327507
151,31.2,11.912064747171753,11.303417976502404,12.249380066608046,11.718942115722102
152,31.4,11.96550621761665,11.422320790528815,12.291913426862152,11.795597589697168
153,31.6,12.017866927089893,11.60702002636323,12.338657769597816,11.999155952270423
154,31.8,12.073146064306476,11.797946912908747,12.396621551135931,12.080598106717163
155,32.0,12.134839304640517,11.931740375820894,12.46145917737819,12.28268846027791
156,32.2,12.195025933568795,12.057630171536076,12.519496915431896,12.291092223950088
157,32.4,12.25212141307973,12.174513559906833,12.574618664870952,12.45767636565615
158,32.6,12.310582276770601,12.22193563477763,12.629447971508796,12.533386687318677
159,32.8,12.37424199155177,12.274866654197318,12.693873791043018,12.493434017341057
160,33.0,12.44176147754888,12.25517859123646,12.765948898924291,12.527325633378625
161,33.2,12.511192786372716,12.189204969801565,12.832331581543302,12.575152290563887
162,33.4,12.580015998525672,12.141695396964733,12.90309491175847,12.50220951754168
163,33.6,12.649639395063831,12.147817218846185,12.972598637536345,12.406300963225997
164,33.8,12.722755726816317,12.204373241972709,13.033187624910378,12.53151803516309
165,34.0,12.79221989046635,12.231121401110626,13.103877341522756,12.669164495039489
166,34.2,12.859155075383063,12.216503283157769,13.179445178065492,12.638458382233813
167,34.4,12.930785281845923,12.18908204952467,13.252087783656776,12.572712624177553
168,34.6,12.999683562770421,12.165968468243108,13.31881696350778,12.503235743528558
169,34.8,13.067516334466488,12.09805783113641,13.382714207411619,12.555071086249335
170,35.0,13.13966291192603,12.049989791753491,13.449269956666223,12.433540048676543
171,35.2,13.211229637628932,12.020429554735815,13.520710754012237,12.375228041325393
172,35.4,13.279719788357431,11.943518332821627,13.592740328211713,12.318884366326074
173,35.6,13.348692309806452,11.798989399039394,13.664062001299959,12.264963797929042
174,35.8,13.413873672447835,11.789528082544964,13.72828377144378,12.152297530192165
175,36.0,13.478200790512595,11.743801483563905,13.790419245179294,12.143501754680253
176,36.2,13.54086914622672,11.594667558427046,13.853472188195019,12.039661440369736
177,36.4,13.607961683048018,11.502330248555475,13.919803803982509,11.934046902799961
178,36.6,13.677809455796995,11.249526413764288,13.992429635578164,11.687405619479806
179,36.8,13.75029581832159,10.985013834065493,14.072028746625591,11.307954116197772
180,37.0,13.824809576231766,10.624634777529556,14.155054371412481,10.95157579376873
181,37.2,13.894177008019412,10.320778238625365,14.227485764642184,10.637569670475704
182,37.4,13.965543068920965,10.170404518485853,14.299840973083041,10.624582298971925
183,37.6,14.030506139655794,10.056229382679925,14.362497603215472,10.454062938767736
184,37.8,14.100983253369078,9.911900473529093,14.434751151969223,10.347534394099585
185,38.0,14.174803223733795,9.911188350943569,14.517342733322751,10.31611480975615
186,38.2,14.25026281668193,9.845132729414178,14.59819561957155,10.306667618282715
187,38.4,14.325565997266343,9.830798592789684,14.67498481703097,10.209360546942927
188,38.6,14.406216060728278,9.837357025977816,14.756075352064485,10.23584408808548
189,38.8,14.488699758558175,9.834511304094748,14.83586004923859,10.30244220216414
190,39.0,14.572916254728604,9.80716763837354,14.914662746920905,10.239038404699285
191,39.2,14.651982195378324,9.850772428444227,14.993361831345078,10.413778096568576
192,39.4,14.732986415002744,9.886670501675408,15.080566616914664,10.467895284503113
193,39.6,14.812662859179937,10.045316518447716,15.150611604730104,10.473917961311525
194,39.8,14.894568608913012,10.227028782523837,15.237392085053138,10.729365109818053
195,40.0,14.974128784947377,10.421334126757854,15.316996832909838,11.00207377195617
196,40.2,15.052070087633162,10.60626549545312,15.399867551602071,11.177489223168985
197,40.4,15.13378129308388,10.766680774359815,15.475731765863403,11.34086416382464
198,40.6,15.216701210416238,10.913150857652083,15.558884987132137,11.481725506471014
199,40.8,15.293969652033743,11.100139017557417,15.635780604223505,11.480034447871697
200,41.0,15.36013140591649,11.147716019304184,15.68875339324749,11.535045136777354
201,41.2,15.429802061002812,11.198266693036983,15.76175140337998,11.549162700278332
202,41.4,15.499480201275892,11.183988630774984,15.839683666018127,11.673893470011512
203,41.6,15.573255647738776,11.399683436886157,15.922094430901419,11.769408709702562
204,41.8,15.647421512169942,11.715985814676614,15.994971242904333,12.04120511295647
205,42.0,15.724410377943085,12.003278708748745,16.06931375901838,12.354470779808508
206,42.2,15.8000819911887,12.254061118670094,16.143656299669402,12.655508252562939
207,42.4,15.883972427400764,12.381350606213962,16.227603722797696,12.627229506144259
208,42.6,15.977266426723132,12.419168796690611,16.317976260515664,12.623555282072154
209,42.8,16.075702627630186,12.447049788891432,16.422588368636962,12.645196983336719
210,43.0,16.175610061181295,12.311437369312946,16.540268700527452,12.537072970700663
211,43.2,16.277880269220795,12.306244691166649,16.643353348984856,12.46903091728099
212,43.4,16.383778960431638,12.499511361286268,16.752564390383778,12.785105640500662
213,43.6,16.496302182018756,12.65278370011162,16.859788674777807,13.01194361499541
214,43.8,16.61191113239775,12.886635696015091,16.977561401074365,13.119630858641813
215,44.0,16.727682133876716,13.179349423271395,17.098019112047687,13.37654485478979
216,44.2,16.85592680245638,13.468006353137495,17.232650587132017,13.542579799746335
217,44.4,16.981724821930225,13.912374753374657,17.350253419129018,13.991558904852466
218,44.6,17.099475814159945,14.521859160235287,17.45221969062343,14.429986064000003
219,44.8,17.227272905234347,14.91024463041257,17.573835490403038,15.052580124221526
220,45.0,17.336235176149245,15.329612959368431,17.6831628501427,15.473522666386714
221,45.2,17.453735346316265,15.477458854656833,17.804813475622563,15.62973316322885
222,45.4,17.565814842303386,15.736972178213037,17.919262057102745,15.4659928431821
223,45.6,17.66515087708754,16.32106145166429,18.01490521745186,16.052999243216952
224,45.8,17.762361539803575,16.965287142198633,18.13373023941382,16.597770834420558
225,46.0,17.848156757218995,17.418979537576263,18.244076392214776,16.815163464310398
226,46.2,17.957751834333283,17.994965826398175,18.34955864246802,17.195284569690976
227,46.4,18.057994189273693,18.44878422803934,18.448083244075207,17.800318604992977
228,46.6,18.15934559976885,18.876649760932782,18.539237780279453,18.339788697360298
229,46.8,18.27200919351541,19.531677001936064,18.683679983381467,18.746625457138077
230,47.0,18.397974689754612,20.06788568097061,18.84611391113076,19.182515871390084
231,47.2,18.492958188643748,20.47355474841442,18.970151696422906,19.33576168428653
232,47.4,18.572868032771932,20.244778965429315,19.083921097131938,18.93857281311212
233,47.6,18.650959729202658,20.247923575752207,19.14875662727131,18.947123659463045
234,47.8,18.720930905416527,19.864989489590258,19.21480862781606,18.684206757660203
235,48.0,18.78277171917283,20.034829063388273,19.29385039149555,18.457786627566552
236,48.2,18.81560861290486,20.092585703703886,19.336584565831256,17.846004305974976
237,48.4,18.880951258820595,19.781285885720468,19.39660003165336,17.233149731577623
238,48.6,19.028581997442505,20.81455234968236,19.548444767234358,18.04356072661801
239,48.8,19.161761027695047,22.091624446770314,19.69614435534137,19.517027110848748
240,49.0,19.27029177535094,23.94498841000752,19.82270539780178,21.671968147004794
241,49.2,19.337936442684537,25.908727087835768,19.996735096007757,23.733463056260206
242,49.4,19.46729094796235,27.209218242490206,20.090667935556237,26.0067303667159
243,49.6,19.560385310641646,27.40216012393164,20.085024783584657,26.29476491221863
244,49.8,19.727539317389645,31.60242718255616,20.099584349671357,26.303406613173696
