r Li-Li S_4c-Li S_4a-Li I_4c-Li I_4a-Li Li-S Li-I
0.000000 0.000000 0.000000 0.000000 0.000000 0.000000 0.000000 0.000000
0.010000 0.000000 0.000000 0.000000 0.000000 0.000000 0.000000 0.000000
0.020000 0.000000 0.000000 0.000000 0.000000 0.000000 0.000000 0.000000
0.030000 0.000000 0.000000 0.000000 0.000000 0.000000 0.000000 0.000000
0.040000 0.000000 0.000000 0.000000 0.000000 0.000000 0.000000 0.000000
0.050000 0.000000 0.000000 0.000000 0.000000 0.000000 0.000000 0.000000
0.060000 0.000000 0.000000 0.000000 0.000000 0.000000 0.000000 0.000000
0.070000 0.000000 0.000000 0.000000 0.000000 0.000000 0.000000 0.000000
0.080000 0.000000 0.000000 0.000000 0.000000 0.000000 0.000000 0.000000
0.090000 0.000000 0.000000 0.000000 0.000000 0.000000 0.000000 0.000000
0.100000 0.000000 0.000000 0.000000 0.000000 0.000000 0.000000 0.000000
0.110000 0.000000 0.000000 0.000000 0.000000 0.000000 0.000000 0.000000
0.120000 0.000000 0.000000 0.000000 0.000000 0.000000 0.000000 0.000000
0.130000 0.000000 0.000000 0.000000 0.000000 0.000000 0.000000 0.000000
0.140000 0.000000 0.000000 0.000000 0.000000 0.000000 0.000000 0.000000
0.150000 0.000000 0.000000 0.000000 0.000000 0.000000 0.000000 0.000000
0.160000 0.000000 0.000000 0.000000 0.000000 0.000000 0.000000 0.000000
0.170000 0.000000 0.000000 0.000000 0.000000 0.000000 0.000000 0.000000
0.180000 0.000000 0.000000 0.000000 0.000000 0.000000 0.000000 0.000000
0.190000 0.000000 0.000000 0.000000 0.000000 0.000000 0.000000 0.000000
0.200000 0.000000 0.000000 0.000000 0.000000 0.000000 0.000000 0.000000
0.210000 0.000000 0.000000 0.000000 0.000000 0.000000 0.000000 0.000000
0.220000 0.000000 0.000000 0.000000 0.000000 0.000000 0.000000 0.000000
0.230000 0.000000 0.000000 0.000000 0.000000 0.000000 0.000000 0.000000
0.240000 0.000000 0.000000 0.000000 0.000000 0.000000 0.000000 0.000000
0.250000 0.000000 0.000000 0.000000 0.000000 0.000000 0.000000 0.000000
0.260000 0.000000 0.000000 0.000000 0.000000 0.000000 0.000000 0.000000
0.270000 0.000000 0.000000 0.000000 0.000000 0.000000 0.000000 0.000000
0.280000 0.000000 0.000000 0.000000 0.000000 0.000000 0.000000 0.000000
0.290000 0.000000 0.000000 0.000000 0.000000 0.000000 0.000000 0.000000
0.300000 0.000000 0.000000 0.000000 0.000000 0.000000 0.000000 0.000000
0.310000 0.000000 0.000000 0.000000 0.000000 0.000000 0.000000 0.000000
0.320000 0.000000 0.000000 0.000000 0.000000 0.000000 0.000000 0.000000
0.330000 0.000000 0.000000 0.000000 0.000000 0.000000 0.000000 0.000000
0.340000 0.000000 0.000000 0.000000 0.000000 0.000000 0.000000 0.000000
0.350000 0.000000 0.000000 0.000000 0.000000 0.000000 0.000000 0.000000
0.360000 0.000000 0.000000 0.000000 0.000000 0.000000 0.000000 0.000000
0.370000 0.000000 0.000000 0.000000 0.000000 0.000000 0.000000 0.000000
0.380000 0.000000 0.000000 0.000000 0.000000 0.000000 0.000000 0.000000
0.390000 0.000000 0.000000 0.000000 0.000000 0.000000 0.000000 0.000000
0.400000 0.000000 0.000000 0.000000 0.000000 0.000000 0.000000 0.000000
0.410000 0.000000 0.000000 0.000000 0.000000 0.000000 0.000000 0.000000
0.420000 0.000000 0.000000 0.000000 0.000000 0.000000 0.000000 0.000000
0.430000 0.000000 0.000000 0.000000 0.000000 0.000000 0.000000 0.000000
0.440000 0.000000 0.000000 0.000000 0.000000 0.000000 0.000000 0.000000
0.450000 0.000000 0.000000 0.000000 0.000000 0.000000 0.000000 0.000000
0.460000 0.000000 0.000000 0.000000 0.000000 0.000000 0.000000 0.000000
0.470000 0.000000 0.000000 0.000000 0.000000 0.000000 0.000000 0.000000
0.480000 0.000000 0.000000 0.000000 0.000000 0.000000 0.000000 0.000000
0.490000 0.000000 0.000000 0.000000 0.000000 0.000000 0.000000 0.000000
0.500000 0.000000 0.000000 0.000000 0.000000 0.000000 0.000000 0.000000
0.510000 0.000000 0.000000 0.000000 0.000000 0.000000 0.000000 0.000000
0.520000 0.000000 0.000000 0.000000 0.000000 0.000000 0.000000 0.000000
0.530000 0.000000 0.000000 0.000000 0.000000 0.000000 0.000000 0.000000
0.540000 0.000000 0.000000 0.000000 0.000000 0.000000 0.000000 0.000000
0.550000 0.000000 0.000000 0.000000 0.000000 0.000000 0.000000 0.000000
0.560000 0.000000 0.000000 0.000000 0.000000 0.000000 0.000000 0.000000
0.570000 0.000000 0.000000 0.000000 0.000000 0.000000 0.000000 0.000000
0.580000 0.000000 0.000000 0.000000 0.000000 0.000000 0.000000 0.000000
0.590000 0.000000 0.000000 0.000000 0.000000 0.000000 0.000000 0.000000
0.600000 0.000000 0.000000 0.000000 0.000000 0.000000 0.000000 0.000000
0.610000 0.000000 0.000000 0.000000 0.000000 0.000000 0.000000 0.000000
0.620000 0.000000 0.000000 0.000000 0.000000 0.000000 0.000000 0.000000
0.630000 0.000000 0.000000 0.000000 0.000000 0.000000 0.000000 0.000000
0.640000 0.000000 0.000000 0.000000 0.000000 0.000000 0.000000 0.000000
0.650000 0.000000 0.000000 0.000000 0.000000 0.000000 0.000000 0.000000
0.660000 0.000000 0.000000 0.000000 0.000000 0.000000 0.000000 0.000000
0.670000 0.000000 0.000000 0.000000 0.000000 0.000000 0.000000 0.000000
0.680000 0.000000 0.000000 0.000000 0.000000 0.000000 0.000000 0.000000
0.690000 0.000000 0.000000 0.000000 0.000000 0.000000 0.000000 0.000000
0.700000 0.000000 0.000000 0.000000 0.000000 0.000000 0.000000 0.000000
0.710000 0.000000 0.000000 0.000000 0.000000 0.000000 0.000000 0.000000
0.720000 0.000000 0.000000 0.000000 0.000000 0.000000 0.000000 0.000000
0.730000 0.000000 0.000000 0.000000 0.000000 0.000000 0.000000 0.000000
0.740000 0.000000 0.000000 0.000000 0.000000 0.000000 0.000000 0.000000
0.750000 0.000000 0.000000 0.000000 0.000000 0.000000 0.000000 0.000000
0.760000 0.000000 0.000000 0.000000 0.000000 0.000000 0.000000 0.000000
0.770000 0.000000 0.000000 0.000000 0.000000 0.000000 0.000000 0.000000
0.780000 0.000000 0.000000 0.000000 0.000000 0.000000 0.000000 0.000000
0.790000 0.000000 0.000000 0.000000 0.000000 0.000000 0.000000 0.000000
0.800000 0.000000 0.000000 0.000000 0.000000 0.000000 0.000000 0.000000
0.810000 0.000000 0.000000 0.000000 0.000000 0.000000 0.000000 0.000000
0.820000 0.000000 0.000000 0.000000 0.000000 0.000000 0.000000 0.000000
0.830000 0.000000 0.000000 0.000000 0.000000 0.000000 0.000000 0.000000
0.840000 0.000000 0.000000 0.000000 0.000000 0.000000 0.000000 0.000000
0.850000 0.000000 0.000000 0.000000 0.000000 0.000000 0.000000 0.000000
0.860000 0.000000 0.000000 0.000000 0.000000 0.000000 0.000000 0.000000
0.870000 0.000000 0.000000 0.000000 0.000000 0.000000 0.000000 0.000000
0.880000 0.000000 0.000000 0.000000 0.000000 0.000000 0.000000 0.000000
0.890000 0.000000 0.000000 0.000000 0.000000 0.000000 0.000000 0.000000
0.900000 0.000000 0.000000 0.000000 0.000000 0.000000 0.000000 0.000000
0.910000 0.000000 0.000000 0.000000 0.000000 0.000000 0.000000 0.000000
0.920000 0.000000 0.000000 0.000000 0.000000 0.000000 0.000000 0.000000
0.930000 0.000000 0.000000 0.000000 0.000000 0.000000 0.000000 0.000000
0.940000 0.000000 0.000000 0.000000 0.000000 0.000000 0.000000 0.000000
0.950000 0.000000 0.000000 0.000000 0.000000 0.000000 0.000000 0.000000
0.960000 0.000000 0.000000 0.000000 0.000000 0.000000 0.000000 0.000000
0.970000 0.000000 0.000000 0.000000 0.000000 0.000000 0.000000 0.000000
0.980000 0.000000 0.000000 0.000000 0.000000 0.000000 0.000000 0.000000
0.990000 0.000000 0.000000 0.000000 0.000000 0.000000 0.000000 0.000000
1.000000 0.000000 0.000000 0.000000 0.000000 0.000000 0.000000 0.000000
1.010000 0.000000 0.000000 0.000000 0.000000 0.000000 0.000000 0.000000
1.020000 0.000000 0.000000 0.000000 0.000000 0.000000 0.000000 0.000000
1.030000 0.000000 0.000000 0.000000 0.000000 0.000000 0.000000 0.000000
1.040000 0.000000 0.000000 0.000000 0.000000 0.000000 0.000000 0.000000
1.050000 0.000000 0.000000 0.000000 0.000000 0.000000 0.000000 0.000000
1.060000 0.000000 0.000000 0.000000 0.000000 0.000000 0.000000 0.000000
1.070000 0.000000 0.000000 0.000000 0.000000 0.000000 0.000000 0.000000
1.080000 0.000000 0.000000 0.000000 0.000000 0.000000 0.000000 0.000000
1.090000 0.000000 0.000000 0.000000 0.000000 0.000000 0.000000 0.000000
1.100000 0.000000 0.000000 0.000000 0.000000 0.000000 0.000000 0.000000
1.110000 0.000000 0.000000 0.000000 0.000000 0.000000 0.000000 0.000000
1.120000 0.000000 0.000000 0.000000 0.000000 0.000000 0.000000 0.000000
1.130000 0.000000 0.000000 0.000000 0.000000 0.000000 0.000000 0.000000
1.140000 0.000000 0.000000 0.000000 0.000000 0.000000 0.000000 0.000000
1.150000 0.000000 0.000000 0.000000 0.000000 0.000000 0.000000 0.000000
1.160000 0.000000 0.000000 0.000000 0.000000 0.000000 0.000000 0.000000
1.170000 0.000000 0.000000 0.000000 0.000000 0.000000 0.000000 0.000000
1.180000 0.000000 0.000000 0.000000 0.000000 0.000000 0.000000 0.000000
1.190000 0.000000 0.000000 0.000000 0.000000 0.000000 0.000000 0.000000
1.200000 0.000000 0.000000 0.000000 0.000000 0.000000 0.000000 0.000000
1.210000 0.000000 0.000000 0.000000 0.000000 0.000000 0.000000 0.000000
1.220000 0.000000 0.000000 0.000000 0.000000 0.000000 0.000000 0.000000
1.230000 0.000000 0.000000 0.000000 0.000000 0.000000 0.000000 0.000000
1.240000 0.000000 0.000000 0.000000 0.000000 0.000000 0.000000 0.000000
1.250000 0.000000 0.000000 0.000000 0.000000 0.000000 0.000000 0.000000
1.260000 0.000000 0.000000 0.000000 0.000000 0.000000 0.000000 0.000000
1.270000 0.000000 0.000000 0.000000 0.000000 0.000000 0.000000 0.000000
1.280000 0.000000 0.000000 0.000000 0.000000 0.000000 0.000000 0.000000
1.290000 0.000000 0.000000 0.000000 0.000000 0.000000 0.000000 0.000000
1.300000 0.000000 0.000000 0.000000 0.000000 0.000000 0.000000 0.000000
1.310000 0.000000 0.000000 0.000000 0.000000 0.000000 0.000000 0.000000
1.320000 0.000000 0.000000 0.000000 0.000000 0.000000 0.000000 0.000000
1.330000 0.000000 0.000000 0.000000 0.000000 0.000000 0.000000 0.000000
1.340000 0.000000 0.000000 0.000000 0.000000 0.000000 0.000000 0.000000
1.350000 0.000000 0.000000 0.000000 0.000000 0.000000 0.000000 0.000000
1.360000 0.000000 0.000000 0.000000 0.000000 0.000000 0.000000 0.000000
1.370000 0.000000 0.000000 0.000000 0.000000 0.000000 0.000000 0.000000
1.380000 0.000000 0.000000 0.000000 0.000000 0.000000 0.000000 0.000000
1.390000 0.000000 0.000000 0.000000 0.000000 0.000000 0.000000 0.000000
1.400000 0.000000 0.000000 0.000000 0.000000 0.000000 0.000000 0.000000
1.410000 0.000000 0.000000 0.000000 0.000000 0.000000 0.000000 0.000000
1.420000 0.000000 0.000000 0.000000 0.000000 0.000000 0.000000 0.000000
1.430000 0.000000 0.000000 0.000000 0.000000 0.000000 0.000000 0.000000
1.440000 0.000000 0.000000 0.000000 0.000000 0.000000 0.000000 0.000000
1.450000 0.000000 0.000000 0.000000 0.000000 0.000000 0.000000 0.000000
1.460000 0.000000 0.000000 0.000000 0.000000 0.000000 0.000000 0.000000
1.470000 0.000000 0.000000 0.000000 0.000000 0.000000 0.000000 0.000000
1.480000 0.000000 0.000000 0.000000 0.000000 0.000000 0.000000 0.000000
1.490000 0.000000 0.000000 0.000000 0.000000 0.000000 0.000000 0.000000
1.500000 0.000000 0.000000 0.000000 0.000000 0.000000 0.000000 0.000000
1.510000 0.000000 0.000000 0.000000 0.000000 0.000000 0.000000 0.000000
1.520000 0.000000 0.000000 0.000000 0.000000 0.000000 0.000000 0.000000
1.530000 0.000000 0.000000 0.000000 0.000000 0.000000 0.000000 0.000000
1.540000 0.000000 0.000000 0.000000 0.000000 0.000000 0.000000 0.000000
1.550000 0.000000 0.000000 0.000000 0.000000 0.000000 0.000000 0.000000
1.560000 0.000000 0.000000 0.000000 0.000000 0.000000 0.000000 0.000000
1.570000 0.000000 0.000000 0.000000 0.000000 0.000000 0.000000 0.000000
1.580000 0.000000 0.000000 0.000000 0.000000 0.000000 0.000000 0.000000
1.590000 0.000000 0.000000 0.000000 0.000000 0.000000 0.000000 0.000000
1.600000 0.000000 0.000000 0.000000 0.000000 0.000000 0.000000 0.000000
1.610000 0.000000 0.000000 0.000000 0.000000 0.000000 0.000000 0.000000
1.620000 0.000000 0.000000 0.000000 0.000000 0.000000 0.000000 0.000000
1.630000 0.000000 0.000000 0.000000 0.000000 0.000000 0.000000 0.000000
1.640000 0.000000 0.000000 0.000000 0.000000 0.000000 0.000000 0.000000
1.650000 0.000000 0.000000 0.000000 0.000000 0.000000 0.000000 0.000000
1.660000 0.000000 0.000000 0.000000 0.000000 0.000000 0.000000 0.000000
1.670000 0.000000 0.000000 0.000000 0.000000 0.000000 0.000000 0.000000
1.680000 0.000000 0.000000 0.000000 0.000000 0.000000 0.000000 0.000000
1.690000 0.000000 0.000000 0.000000 0.000000 0.000000 0.000000 0.000000
1.700000 0.000000 0.000000 0.000000 0.000000 0.000000 0.000000 0.000000
1.710000 0.000000 0.000000 0.000000 0.000000 0.000000 0.000000 0.000000
1.720000 0.000000 0.000000 0.000000 0.000000 0.000000 0.000000 0.000000
1.730000 0.000000 0.000000 0.000000 0.000000 0.000000 0.000000 0.000000
1.740000 0.000000 0.000000 0.000000 0.000000 0.000000 0.000000 0.000000
1.750000 0.000000 0.000000 0.000000 0.000000 0.000000 0.000000 0.000000
1.760000 0.000000 0.000000 0.000000 0.000000 0.000000 0.000000 0.000000
1.770000 0.000000 0.000000 0.000000 0.000000 0.000000 0.000000 0.000000
1.780000 0.000000 0.000000 0.000000 0.000000 0.000000 0.000000 0.000000
1.790000 0.000000 0.000000 0.000000 0.000000 0.000000 0.000000 0.000000
1.800000 0.000000 0.000000 0.000000 0.000000 0.000000 0.000000 0.000000
1.810000 0.000000 0.000000 0.000000 0.000000 0.000000 0.000000 0.000000
1.820000 0.000000 0.000000 0.000000 0.000000 0.000000 0.000000 0.000000
1.830000 0.000000 0.000000 0.000000 0.000000 0.000000 0.000000 0.000000
1.840000 0.000000 0.000000 0.000000 0.000000 0.000000 0.000000 0.000000
1.850000 0.000000 0.000000 0.000000 0.000000 0.000000 0.000000 0.000000
1.860000 0.000000 0.000000 0.000000 0.000000 0.000000 0.000000 0.000000
1.870000 0.000000 0.000000 0.000000 0.000000 0.000000 0.000000 0.000000
1.880000 0.000000 0.000000 0.000000 0.000000 0.000000 0.000000 0.000000
1.890000 0.000000 0.000000 0.000000 0.000000 0.000000 0.000000 0.000000
1.900000 0.000000 0.000000 0.000000 0.000000 0.000000 0.000000 0.000000
1.910000 0.000000 0.000000 0.000000 0.000000 0.000000 0.000000 0.000000
1.920000 0.000000 0.000000 0.000000 0.000000 0.000000 0.000000 0.000000
1.930000 0.000000 0.000000 0.000000 0.000000 0.000000 0.000000 0.000000
1.940000 0.000000 0.000000 0.000000 0.000000 0.000000 0.000000 0.000000
1.950000 0.000000 0.000000 0.000000 0.000000 0.000000 0.000000 0.000000
1.960000 0.000000 0.000000 0.000000 0.000000 0.000000 0.000000 0.000000
1.970000 0.000000 0.000000 0.000000 0.000000 0.000000 0.000000 0.000000
1.980000 0.000000 0.000000 0.000000 0.000000 0.000000 0.000000 0.000000
1.990000 0.000000 0.000000 0.000000 0.000000 0.000000 0.000000 0.000000
2.000000 0.000000 0.000000 0.000000 0.000000 0.000000 0.000000 0.000000
2.010000 0.000000 0.000000 0.000000 0.000000 0.000000 0.000000 0.000000
2.020000 0.000000 0.000000 0.000000 0.000000 0.000000 0.000000 0.000000
2.030000 0.000000 0.000000 0.000000 0.000000 0.000000 0.000000 0.000000
2.040000 0.000000 0.000000 0.000000 0.000000 0.000000 0.000000 0.000000
2.050000 0.000000 0.000000 0.000000 0.000000 0.000000 0.000000 0.000000
2.060000 0.000000 0.000000 0.000000 0.000000 0.000000 0.000000 0.000000
2.070000 0.000000 0.000000 0.000000 0.000000 0.000000 0.000000 0.000000
2.080000 0.000000 0.000000 0.000000 0.000000 0.000000 0.000000 0.000000
2.090000 0.000000 0.000000 0.000000 0.000000 0.000000 0.000000 0.000000
2.100000 0.000000 0.000000 0.000000 0.000000 0.000000 0.000000 0.000000
2.110000 0.000000 0.000000 0.000000 0.000000 0.000000 0.000000 0.000000
2.120000 0.000000 0.000000 0.000000 0.000000 0.000000 0.000000 0.000000
2.130000 0.000000 0.000000 0.000000 0.000000 0.000000 0.000000 0.000000
2.140000 0.000000 0.000000 0.000000 0.000000 0.000000 0.000000 0.000000
2.150000 0.000000 0.000000 0.000000 0.000000 0.000000 0.000000 0.000000
2.160000 0.000000 0.000000 0.000000 0.000000 0.000000 0.000000 0.000000
2.170000 0.000000 0.000000 0.000000 0.000000 0.000000 0.000000 0.000000
2.180000 0.000000 0.000000 0.000000 0.000000 0.000000 0.000000 0.000000
2.190000 0.000000 0.000000 0.000000 0.000000 0.000000 0.000000 0.000000
2.200000 0.000000 0.000000 0.000000 0.000000 0.000000 0.000000 0.000000
2.210000 0.000000 0.000000 0.000000 0.000000 0.000000 0.000000 0.000000
2.220000 0.000000 0.000000 0.000001 0.000000 0.000000 0.000000 0.000000
2.230000 0.000000 0.000000 0.000043 0.000000 0.000000 0.000004 0.000000
2.240000 0.000000 0.000002 0.000638 0.000000 0.000000 0.000064 0.000000
2.250000 0.000000 0.000089 0.004660 0.000000 0.000000 0.000475 0.000000
2.260000 0.000000 0.001423 0.021860 0.000000 0.000000 0.002328 0.000000
2.270000 0.000000 0.011771 0.079382 0.000000 0.000000 0.009115 0.000000
2.280000 0.000000 0.063925 0.235987 0.000000 0.000000 0.029991 0.000000
2.290000 0.000000 0.270206 0.610415 0.000000 0.000000 0.088063 0.000000
2.300000 0.000000 0.913147 1.394234 0.000000 0.000000 0.230756 0.000000
2.310000 0.000000 2.439517 2.741073 0.000000 0.000000 0.518360 0.000000
2.320000 0.000000 5.393124 4.703903 0.000000 0.000000 1.012303 0.000000
2.330000 0.000000 10.114474 7.267292 0.000000 0.000000 1.751610 0.000000
2.340000 0.000000 15.793409 10.197872 0.000000 0.000000 2.646816 0.000000
2.350000 0.000000 20.697302 13.093688 0.000000 0.000000 3.511856 0.000000
2.360000 0.000000 23.815216 15.802466 0.000000 0.000000 4.279950 0.000000
2.370000 0.000000 25.109033 18.497978 0.000000 0.000000 5.037860 0.000000
2.380000 0.000000 25.067189 21.073909 0.000000 0.000000 5.897399 0.000000
2.390000 0.000000 24.442881 22.921740 0.000000 0.000000 6.911215 0.000000
2.400000 0.000006 23.849034 23.626860 0.000000 0.000000 8.079866 0.000000
2.410000 0.000067 23.271439 23.251207 0.000000 0.000000 9.314303 0.000000
2.420000 0.000306 22.446016 21.900252 0.000000 0.000000 10.437176 0.000000
2.430000 0.000562 21.296943 20.000627 0.000000 0.000000 11.316905 0.000000
2.440000 0.000597 19.770205 17.934895 0.000000 0.000000 11.813910 0.000000
2.450000 0.000571 17.814936 15.813266 0.000000 0.000000 11.873691 0.000000
2.460000 0.000501 15.383529 13.922723 0.000000 0.000000 11.596875 0.000000
2.470000 0.001033 12.641021 12.458911 0.000000 0.000000 11.084016 0.000000
2.480000 0.002180 10.038352 11.385659 0.000000 0.000000 10.448077 0.000000
2.490000 0.003568 8.055913 10.490965 0.000000 0.000000 9.736270 0.000000
2.500000 0.005276 6.811562 9.441741 0.000000 0.000000 8.939354 0.000000
2.510000 0.006924 6.033942 8.285648 0.000000 0.000000 8.095760 0.000000
2.520000 0.009806 5.308026 7.285772 0.000000 0.000000 7.254581 0.000000
2.530000 0.014453 4.638527 6.417247 0.000000 0.000000 6.426573 0.000000
2.540000 0.021257 4.173508 5.615278 0.000000 0.000000 5.647856 0.000000
2.550000 0.030379 3.821101 4.980570 0.000000 0.000001 4.952241 0.000000
2.560000 0.045083 3.482180 4.405172 0.000000 0.000030 4.334025 0.000015
2.570000 0.067725 3.142239 3.892240 0.000001 0.000393 3.776085 0.000197
2.580000 0.099883 2.776871 3.508043 0.000034 0.002272 3.272357 0.001153
2.590000 0.140237 2.414373 3.214035 0.000529 0.008625 2.844773 0.004577
2.600000 0.187957 2.102787 2.985829 0.003979 0.029754 2.487526 0.016867
2.610000 0.246511 1.864751 2.838165 0.016603 0.083558 2.179997 0.050081
2.620000 0.313266 1.623939 2.691620 0.046627 0.200550 1.892653 0.123588
2.630000 0.381416 1.363776 2.494922 0.114123 0.420723 1.616414 0.267423
2.640000 0.443725 1.144716 2.316836 0.260858 0.759362 1.376471 0.510110
2.650000 0.495026 0.969990 2.134877 0.519199 1.231642 1.177296 0.875420
2.660000 0.523703 0.843160 1.880194 0.914740 1.838966 1.019011 1.376853
2.670000 0.533787 0.730453 1.598885 1.491985 2.547021 0.888029 2.019503
2.680000 0.526953 0.642859 1.381202 2.333137 3.367429 0.772803 2.850283
2.690000 0.502122 0.585278 1.264951 3.519711 4.341306 0.677476 3.930508
2.700000 0.495124 0.525368 1.146501 4.905832 5.332912 0.585037 5.119372
2.710000 0.510532 0.465752 1.009821 6.265735 6.217335 0.498257 6.241535
2.720000 0.534442 0.408102 0.892755 7.561803 6.922831 0.429018 7.242317
2.730000 0.550316 0.358077 0.775194 8.744180 7.395463 0.374023 8.069822
2.740000 0.552763 0.319057 0.681164 9.630852 7.620428 0.328786 8.625640
2.750000 0.549507 0.283398 0.606354 10.047651 7.758202 0.289250 8.902927
2.760000 0.558755 0.246757 0.525833 10.097038 7.815520 0.251930 8.956279
2.770000 0.592838 0.209654 0.455770 10.106252 7.790545 0.217530 8.948399
2.780000 0.632021 0.181493 0.393379 10.150122 7.786023 0.189772 8.968073
2.790000 0.670835 0.160449 0.329309 10.174099 7.762476 0.167784 8.968287
2.800000 0.734145 0.138889 0.280303 10.077898 7.618524 0.149255 8.848211
2.810000 0.830424 0.125400 0.251153 9.753002 7.408457 0.135132 8.580729
2.820000 0.932216 0.115981 0.236049 9.428712 7.065760 0.122875 8.247236
2.830000 1.009502 0.102461 0.222325 9.065038 6.528586 0.110348 7.796812
2.840000 1.053417 0.090575 0.209037 8.582714 6.050310 0.100327 7.316512
2.850000 1.082053 0.080164 0.188777 8.162398 5.772125 0.091898 6.967262
2.860000 1.140491 0.070711 0.162236 7.773711 5.585198 0.083438 6.679455
2.870000 1.209424 0.062647 0.132091 7.238254 5.395150 0.073378 6.316702
2.880000 1.256535 0.050744 0.111062 6.653473 5.228672 0.063712 5.941073
2.890000 1.291495 0.040551 0.100626 6.115097 5.107536 0.059948 5.611316
2.900000 1.326742 0.041190 0.093255 5.578985 5.009392 0.059985 5.294189
2.910000 1.359647 0.043785 0.082812 5.098255 4.867562 0.058522 4.982909
2.920000 1.383313 0.038028 0.071764 4.606061 4.729008 0.054352 4.667534
2.930000 1.384262 0.030175 0.066577 4.154801 4.561508 0.049117 4.358155
2.940000 1.381272 0.031025 0.065596 3.758935 4.324379 0.044882 4.041657
2.950000 1.390853 0.033756 0.063250 3.298097 4.090843 0.042202 3.694470
2.960000 1.407151 0.028497 0.061022 2.896151 3.906864 0.040448 3.401508
2.970000 1.398516 0.024707 0.059660 2.631851 3.755710 0.040222 3.193780
2.980000 1.348040 0.023551 0.055348 2.335105 3.590888 0.040326 2.962997
2.990000 1.289136 0.019647 0.052590 2.032065 3.377591 0.039940 2.704828
3.000000 1.259856 0.019237 0.057392 1.838007 3.191099 0.039362 2.514553
3.010000 1.247416 0.021657 0.060991 1.681684 3.021895 0.038023 2.351790
3.020000 1.243134 0.023401 0.062263 1.488314 2.851606 0.038897 2.169960
3.030000 1.225640 0.022593 0.055822 1.308992 2.686268 0.040379 1.997630
3.040000 1.186721 0.017114 0.044653 1.177093 2.436481 0.038190 1.806787
3.050000 1.155622 0.013227 0.034888 1.057148 2.186616 0.034710 1.621882
3.060000 1.152836 0.013217 0.034810 0.958589 2.051028 0.034091 1.504808
3.070000 1.170563 0.014960 0.039909 0.864173 1.933811 0.034080 1.398992
3.080000 1.184864 0.015679 0.036535 0.764181 1.788465 0.032963 1.276323
3.090000 1.198080 0.014865 0.031151 0.700530 1.679381 0.031702 1.189956
3.100000 1.207629 0.013793 0.035537 0.671000 1.568989 0.034351 1.119994
3.110000 1.216391 0.016070 0.041154 0.612169 1.434026 0.041052 1.023098
3.120000 1.240181 0.018487 0.043736 0.543997 1.304595 0.045555 0.924296
3.130000 1.272104 0.015195 0.044095 0.493940 1.178287 0.044627 0.836114
3.140000 1.292845 0.010167 0.037876 0.452902 1.056124 0.042291 0.754513
3.150000 1.314708 0.008263 0.031474 0.419511 0.941689 0.042960 0.680600
3.160000 1.363990 0.008453 0.029030 0.376097 0.846513 0.045037 0.611305
3.170000 1.432844 0.007633 0.028807 0.330306 0.779310 0.045088 0.554808
3.180000 1.487003 0.007036 0.029569 0.283700 0.714619 0.045030 0.499160
3.190000 1.530288 0.007487 0.030922 0.262353 0.657957 0.047435 0.460155
3.200000 1.561799 0.007761 0.030398 0.274380 0.618720 0.051056 0.446550
3.210000 1.571930 0.005559 0.027195 0.272460 0.582615 0.055741 0.427537
3.220000 1.577434 0.003815 0.022459 0.245698 0.523865 0.058538 0.384781
3.230000 1.585791 0.003902 0.021107 0.223614 0.453397 0.060152 0.338505
3.240000 1.600423 0.003298 0.023443 0.206750 0.412868 0.062719 0.309809
3.250000 1.623480 0.003124 0.023775 0.177540 0.397666 0.063985 0.287603
3.260000 1.649453 0.002702 0.023469 0.162295 0.377672 0.063980 0.269984
3.270000 1.665531 0.001266 0.021668 0.169014 0.348165 0.066768 0.258590
3.280000 1.679691 0.000698 0.020243 0.164463 0.317924 0.072651 0.241194
3.290000 1.697292 0.002230 0.020807 0.152699 0.292099 0.078821 0.222399
3.300000 1.703176 0.004652 0.020023 0.154665 0.275698 0.085987 0.215181
3.310000 1.699123 0.005730 0.018671 0.155966 0.270029 0.093668 0.212997
3.320000 1.697630 0.005810 0.018572 0.146122 0.272122 0.099108 0.209122
3.330000 1.701237 0.005189 0.017319 0.130384 0.269573 0.100699 0.199978
3.340000 1.708151 0.005362 0.014752 0.124670 0.259903 0.102284 0.192287
3.350000 1.737960 0.006874 0.015510 0.132381 0.238384 0.105018 0.185382
3.360000 1.766134 0.008289 0.021935 0.136499 0.217904 0.112575 0.177202
3.370000 1.764588 0.008150 0.029163 0.129282 0.202921 0.123861 0.166101
3.380000 1.755790 0.006171 0.027729 0.117664 0.197020 0.133395 0.157342
3.390000 1.754730 0.005260 0.019404 0.111940 0.194608 0.141533 0.153274
3.400000 1.754217 0.006165 0.017226 0.105513 0.192688 0.147801 0.149100
3.410000 1.746348 0.008174 0.021299 0.098930 0.198908 0.155611 0.148919
3.420000 1.733171 0.009281 0.025109 0.093129 0.211307 0.168777 0.152218
3.430000 1.738412 0.006834 0.027150 0.087889 0.212094 0.179366 0.149991
3.440000 1.761873 0.005365 0.026151 0.087999 0.202406 0.188482 0.145202
3.450000 1.778454 0.005937 0.022563 0.089802 0.188930 0.200691 0.139366
3.460000 1.763358 0.007845 0.022507 0.089638 0.178935 0.214965 0.134286
3.470000 1.729760 0.008669 0.023830 0.090356 0.173168 0.225736 0.131762
3.480000 1.701773 0.007880 0.022804 0.092479 0.167465 0.235935 0.129972
3.490000 1.686623 0.008742 0.021799 0.090907 0.156845 0.248761 0.123876
3.500000 1.681271 0.008410 0.020944 0.084571 0.142460 0.262477 0.113516
3.510000 1.664522 0.006845 0.021839 0.079302 0.141511 0.277837 0.110406
3.520000 1.641587 0.006597 0.026819 0.080961 0.152318 0.300376 0.116639
3.530000 1.616848 0.007783 0.034814 0.088699 0.150974 0.329273 0.119836
3.540000 1.595224 0.008169 0.038071 0.089698 0.137245 0.351596 0.113471
3.550000 1.582011 0.006912 0.033219 0.086505 0.139771 0.366138 0.113138
3.560000 1.579286 0.005413 0.025266 0.079611 0.148459 0.378458 0.114035
3.570000 1.575644 0.007072 0.019942 0.068097 0.149146 0.393201 0.108621
3.580000 1.549259 0.009078 0.021664 0.072550 0.144652 0.410889 0.108601
3.590000 1.513346 0.007652 0.029339 0.091078 0.147334 0.436436 0.119206
3.600000 1.483674 0.005846 0.037822 0.102415 0.147729 0.469751 0.125072
3.610000 1.465324 0.006362 0.036384 0.103432 0.137855 0.502460 0.120643
3.620000 1.456958 0.008508 0.028097 0.100290 0.143046 0.530129 0.121668
3.630000 1.453645 0.010806 0.028285 0.092570 0.165999 0.558237 0.129285
3.640000 1.451136 0.010525 0.040663 0.085058 0.177651 0.590330 0.131355
3.650000 1.429473 0.009419 0.048799 0.088114 0.180541 0.621245 0.134327
3.660000 1.400411 0.011524 0.046887 0.095953 0.187929 0.651294 0.141941
3.670000 1.376220 0.013555 0.047050 0.098393 0.187465 0.684091 0.142929
3.680000 1.348474 0.012779 0.052573 0.099066 0.180189 0.720314 0.139628
3.690000 1.326092 0.013571 0.058125 0.102051 0.183148 0.755961 0.142600
3.700000 1.311200 0.018295 0.058144 0.112042 0.190111 0.785642 0.151077
3.710000 1.284773 0.020095 0.058640 0.120100 0.196064 0.818143 0.158082
3.720000 1.265668 0.017327 0.061533 0.116233 0.199706 0.857106 0.157970
3.730000 1.272162 0.016139 0.063614 0.114748 0.193880 0.893530 0.154314
3.740000 1.275370 0.018117 0.067097 0.120791 0.188587 0.925505 0.154689
3.750000 1.261250 0.020779 0.075774 0.125323 0.200675 0.953494 0.162999
3.760000 1.236837 0.022722 0.086012 0.127239 0.219327 0.982096 0.173283
3.770000 1.225020 0.026854 0.089771 0.135982 0.231850 1.018045 0.183916
3.780000 1.223111 0.030097 0.088396 0.142259 0.246963 1.058700 0.194611
3.790000 1.221015 0.028677 0.090890 0.148909 0.259177 1.091776 0.204043
3.800000 1.232974 0.027830 0.102019 0.169319 0.256498 1.114981 0.212908
3.810000 1.244535 0.028712 0.118059 0.189991 0.251664 1.131083 0.220828
3.820000 1.244451 0.033772 0.140686 0.201976 0.255167 1.149710 0.228571
3.830000 1.237563 0.040490 0.160279 0.205903 0.272629 1.170973 0.239266
3.840000 1.238206 0.040410 0.154419 0.201425 0.298102 1.178512 0.249764
3.850000 1.243942 0.041026 0.150964 0.193682 0.312762 1.184137 0.253222
3.860000 1.243937 0.047595 0.166882 0.189523 0.314571 1.206995 0.252047
3.870000 1.238585 0.054021 0.180795 0.196669 0.328985 1.232620 0.262827
3.880000 1.232058 0.056424 0.196614 0.210203 0.345782 1.242769 0.277992
3.890000 1.220794 0.059039 0.212709 0.215999 0.341122 1.251285 0.278560
3.900000 1.212720 0.061744 0.222617 0.210874 0.343389 1.263979 0.277132
3.910000 1.211766 0.067633 0.231561 0.216696 0.350946 1.276576 0.283821
3.920000 1.215963 0.075392 0.234446 0.228058 0.348852 1.280526 0.288455
3.930000 1.230248 0.082008 0.237623 0.225996 0.361230 1.276871 0.293613
3.940000 1.240253 0.090617 0.251943 0.237697 0.387032 1.272662 0.312365
3.950000 1.233750 0.099487 0.280659 0.264376 0.399409 1.264155 0.331893
3.960000 1.231695 0.103436 0.322301 0.272936 0.392073 1.251099 0.332504
3.970000 1.242090 0.110322 0.354330 0.273099 0.396558 1.244953 0.334829
3.980000 1.249866 0.131351 0.375958 0.283075 0.423364 1.247202 0.353219
3.990000 1.251602 0.148449 0.409887 0.295744 0.438950 1.245940 0.367347
4.000000 1.244533 0.146074 0.460558 0.304962 0.431714 1.235389 0.368338
4.010000 1.238042 0.136398 0.499463 0.309800 0.428685 1.224388 0.369243
4.020000 1.239150 0.140845 0.523579 0.317991 0.433367 1.215762 0.375679
4.030000 1.242187 0.154664 0.553373 0.329479 0.424138 1.204445 0.376809
4.040000 1.232294 0.160331 0.576746 0.328521 0.425147 1.189542 0.376834
4.050000 1.217443 0.164043 0.584301 0.323843 0.435704 1.179471 0.379774
4.060000 1.211402 0.184596 0.600465 0.327795 0.446270 1.177753 0.387032
4.070000 1.209701 0.215552 0.624982 0.330477 0.466500 1.174249 0.398489
4.080000 1.203863 0.234701 0.629725 0.339483 0.481377 1.159591 0.410430
4.090000 1.198986 0.236039 0.629933 0.364973 0.497491 1.137231 0.431232
4.100000 1.195854 0.228571 0.653897 0.378949 0.519504 1.118212 0.449226
4.110000 1.184982 0.222926 0.693218 0.357375 0.521820 1.106759 0.439597
4.120000 1.166691 0.225733 0.721969 0.334859 0.525142 1.099345 0.430001
4.130000 1.160481 0.230382 0.736204 0.336473 0.541778 1.091853 0.439125
4.140000 1.163053 0.239771 0.749281 0.343744 0.552757 1.084259 0.448250
4.150000 1.156402 0.260507 0.753959 0.346830 0.557914 1.079230 0.452372
4.160000 1.135886 0.283052 0.741940 0.349700 0.553081 1.082682 0.451390
4.170000 1.120463 0.290086 0.719432 0.355033 0.537865 1.083743 0.446449
4.180000 1.121075 0.295496 0.722041 0.354074 0.534022 1.079621 0.444048
4.190000 1.121996 0.300602 0.755718 0.344297 0.558730 1.079422 0.451513
4.200000 1.107197 0.307790 0.779672 0.335695 0.585557 1.087718 0.460626
4.210000 1.092813 0.327412 0.764673 0.343569 0.597292 1.101382 0.470431
4.220000 1.084203 0.350038 0.750174 0.349117 0.598818 1.113315 0.473968
4.230000 1.074704 0.363288 0.754512 0.343012 0.582543 1.119321 0.462778
4.240000 1.067279 0.364262 0.754196 0.340446 0.572820 1.116249 0.456633
4.250000 1.063368 0.369819 0.753935 0.352128 0.586865 1.119153 0.469497
4.260000 1.060011 0.384638 0.764084 0.356076 0.592574 1.129546 0.474325
4.270000 1.047589 0.384009 0.756143 0.349204 0.601313 1.127593 0.475258
4.280000 1.024573 0.383869 0.728235 0.349234 0.620625 1.118730 0.484930
4.290000 0.998990 0.389400 0.725955 0.347835 0.642415 1.120462 0.495125
4.300000 0.977687 0.386421 0.759267 0.346607 0.657439 1.133766 0.502023
4.310000 0.970275 0.380278 0.785017 0.350612 0.654348 1.142863 0.502480
4.320000 0.976280 0.377363 0.798670 0.352482 0.620628 1.137860 0.486555
4.330000 0.974649 0.382431 0.807256 0.347500 0.583395 1.132800 0.465448
4.340000 0.960734 0.394570 0.790850 0.345390 0.584256 1.133171 0.464823
4.350000 0.950146 0.393733 0.748967 0.339844 0.627026 1.136845 0.483435
4.360000 0.936377 0.388096 0.742797 0.334843 0.676682 1.147344 0.505763
4.370000 0.912317 0.386452 0.764615 0.340526 0.700011 1.151508 0.520269
4.380000 0.892248 0.392004 0.786671 0.348244 0.697632 1.145212 0.522938
4.390000 0.881524 0.405908 0.792294 0.350578 0.710599 1.135863 0.530588
4.400000 0.874275 0.418267 0.768872 0.352117 0.735674 1.124470 0.543895
4.410000 0.869258 0.420052 0.753121 0.351071 0.738592 1.115173 0.544831
4.420000 0.865039 0.417189 0.754776 0.338372 0.733104 1.113631 0.535738
4.430000 0.856276 0.411848 0.771995 0.340725 0.739250 1.116341 0.539988
4.440000 0.848398 0.413379 0.791107 0.367812 0.757882 1.115652 0.562847
4.450000 0.844796 0.420833 0.770143 0.375135 0.762499 1.113544 0.568817
4.460000 0.844068 0.414668 0.742908 0.357748 0.757766 1.112451 0.557757
4.470000 0.844785 0.409807 0.759069 0.341053 0.751783 1.117251 0.546418
4.480000 0.846581 0.429151 0.805692 0.332027 0.749388 1.123421 0.540708
4.490000 0.856148 0.444807 0.824023 0.330912 0.756275 1.115065 0.543593
4.500000 0.864042 0.429147 0.800562 0.328433 0.757056 1.101021 0.542745
4.510000 0.862660 0.415401 0.783604 0.325106 0.762002 1.104138 0.543554
4.520000 0.869629 0.413224 0.795964 0.330205 0.770287 1.116808 0.550246
4.530000 0.882410 0.409605 0.823868 0.329336 0.755520 1.120464 0.542428
4.540000 0.891780 0.412024 0.821790 0.323254 0.748208 1.114667 0.535731
4.550000 0.902829 0.412718 0.798002 0.320860 0.752743 1.112355 0.536801
4.560000 0.915273 0.412238 0.777638 0.319380 0.757736 1.114247 0.538558
4.570000 0.942427 0.410176 0.780751 0.323585 0.754386 1.120505 0.538986
4.580000 0.983714 0.405097 0.787480 0.323508 0.744061 1.125487 0.533785
4.590000 1.016309 0.403757 0.762597 0.324517 0.737979 1.125122 0.531248
4.600000 1.048331 0.399331 0.742419 0.339216 0.746922 1.124716 0.543069
4.610000 1.100498 0.389465 0.760975 0.354314 0.749511 1.132448 0.551913
4.620000 1.157164 0.379266 0.791652 0.360171 0.745337 1.148057 0.552754
4.630000 1.207166 0.375002 0.795149 0.366703 0.747325 1.168250 0.557014
4.640000 1.259385 0.377709 0.762500 0.379704 0.736537 1.178908 0.558121
4.650000 1.303621 0.394107 0.733023 0.382948 0.706310 1.186079 0.544629
4.660000 1.331972 0.424995 0.743397 0.371364 0.681909 1.206316 0.526637
4.670000 1.360333 0.444305 0.771540 0.362335 0.682630 1.228620 0.522483
4.680000 1.382805 0.466859 0.776850 0.368694 0.702599 1.235493 0.535646
4.690000 1.388774 0.494942 0.755257 0.385706 0.710918 1.232889 0.548312
4.700000 1.382090 0.527269 0.732005 0.404510 0.711480 1.238121 0.557995
4.710000 1.358572 0.545405 0.720659 0.418432 0.721010 1.248971 0.569721
4.720000 1.329387 0.548751 0.708561 0.434637 0.751029 1.258608 0.592833
4.730000 1.300765 0.569312 0.698485 0.458034 0.755914 1.273339 0.606974
4.740000 1.273205 0.604294 0.689837 0.492375 0.738834 1.291845 0.615604
4.750000 1.237264 0.638722 0.688209 0.526443 0.736035 1.309757 0.631239
4.760000 1.190180 0.669714 0.693163 0.558059 0.735588 1.316262 0.646823
4.770000 1.150137 0.699481 0.688259 0.592409 0.731877 1.309842 0.662143
4.780000 1.121558 0.723595 0.687568 0.633813 0.727950 1.307844 0.680881
4.790000 1.099743 0.748240 0.688985 0.665577 0.734951 1.314471 0.700264
4.800000 1.082606 0.789317 0.672028 0.678601 0.752730 1.314158 0.715666
4.810000 1.068284 0.826804 0.646922 0.690451 0.761880 1.297971 0.726166
4.820000 1.051184 0.839868 0.634599 0.722809 0.759049 1.276276 0.740929
4.830000 1.033014 0.842436 0.643178 0.755597 0.723522 1.263713 0.739560
4.840000 1.016680 0.843653 0.662312 0.778716 0.664473 1.253646 0.721595
4.850000 0.994544 0.840553 0.664763 0.810150 0.646837 1.235085 0.728493
4.860000 0.976081 0.848081 0.654753 0.840044 0.684926 1.216250 0.762485
4.870000 0.965678 0.881355 0.638595 0.859596 0.710236 1.200336 0.784916
4.880000 0.943472 0.920818 0.625135 0.884134 0.708042 1.187016 0.796088
4.890000 0.904846 0.940347 0.626257 0.923787 0.693532 1.176792 0.808659
4.900000 0.864185 0.975945 0.635212 0.961337 0.669830 1.171660 0.815584
4.910000 0.832125 1.021611 0.635153 0.965046 0.648748 1.169134 0.806897
4.920000 0.809457 1.038069 0.612722 0.954636 0.645687 1.159269 0.800162
4.930000 0.795311 1.038153 0.578605 0.969327 0.660067 1.143841 0.814697
4.940000 0.790607 1.050157 0.563174 0.989774 0.666631 1.132846 0.828202
4.950000 0.782531 1.072233 0.559223 0.993119 0.653863 1.125527 0.823491
4.960000 0.766663 1.086808 0.543501 0.988985 0.630502 1.114520 0.809744
4.970000 0.743434 1.099754 0.515660 0.998009 0.611670 1.096446 0.804840
4.980000 0.685472 1.071363 0.468399 0.959921 0.571163 1.024461 0.765542
4.990000 0.499564 0.822986 0.343857 0.709856 0.419139 0.751460 0.564497
5.000000 0.212249 0.361519 0.148137 0.301204 0.178306 0.319883 0.239755
