,time,inherent MSD,inherent MSCD,actual MSD,actual MSCD
0,1.0,1.4519247100785915,0.9204531114067386,1.870773519337775,1.403215463244881
1,1.2,1.654597627613386,0.9055735737408841,2.078307111022639,1.394923143245803
2,1.4,1.839724341931304,0.9496396399108543,2.270123213021971,1.3752189142206326
3,1.6,2.024997154350098,0.9502138717598756,2.454882588578162,1.4055193008444373
4,1.8,2.204135417951637,1.0030954659221163,2.635230852650092,1.4790911516750873
5,2.0,2.377382097844101,1.0753113625416555,2.8065575095466673,1.5576988583359865
6,2.2,2.5442761170407295,1.0800367966654207,2.9738120741896523,1.5893071770428226
7,2.4,2.70663752899767,1.0308352394980487,3.1361281043956186,1.4646764874644556
8,2.6,2.865351163548464,0.996301540967666,3.298196023375629,1.4013886038760708
9,2.8,3.016241451225819,0.9953079555037924,3.4530643885571366,1.3695392474808772
10,3.0,3.16788176517289,1.0062578424060618,3.6017082453991875,1.3971559072597335
11,3.2,3.3165723899653643,1.0675329200697143,3.7509671650523795,1.505363859580785
12,3.4,3.461567819898709,1.1119676385410964,3.8948874425540283,1.6244312016431828
13,3.6,3.605623136263663,1.1297703476264154,4.033234825080522,1.6035823683962107
14,3.8,3.742363761576556,1.0270222730854344,4.171325217930459,1.4681081347359253
15,4.0,3.8751056056141393,0.9477299597975994,4.304950460319526,1.423657110581953
16,4.2,4.005688426603346,0.936187793995675,4.43050367942644,1.405738582289484
17,4.4,4.129775871900095,0.9580180260865303,4.5566968921597635,1.474430172043349
18,4.6,4.2525943421236985,0.9840941161576336,4.682668853834797,1.4840590704975904
19,4.8,4.370775847883018,0.9671494196940206,4.806230882695805,1.5016692720991907
20,5.0,4.487509647376561,0.9467975117130383,4.918225199784756,1.5400646260114472
21,5.2,4.602309203222086,0.8993028097401322,5.034735861170419,1.4810934900369508
22,5.4,4.718234352991075,0.8482730908191672,5.15060872905068,1.3640340368200796
23,5.6,4.832926270188015,0.823852961273416,5.257368507787793,1.2552957186180331
24,5.8,4.944265932577199,0.8934988166097352,5.3655869442446615,1.363161028071045
25,6.0,5.054274064097124,0.982810777881019,5.473288632565448,1.491052073926359
26,6.2,5.161491609109549,0.9961193193950696,5.576743614967524,1.5742395159115918
27,6.4,5.268569342730057,0.9220605850985009,5.6782708342560255,1.4563394608529927
28,6.6,5.374990818077042,0.903276655201858,5.784815244022386,1.415811284250536
29,6.8,5.47999401620941,0.8835430684535974,5.891363972587474,1.3740849359417402
30,7.0,5.5834479894497555,0.88664318621619,5.993150320337374,1.3632639407986467
31,7.2,5.686920407663224,0.9151923135082319,6.0959505304011925,1.4034376886187374
32,7.4,5.785879398250828,0.9442582731712915,6.196966669306466,1.4193825086625187
33,7.6,5.887514447156103,0.9953622776175166,6.299079117875972,1.4853102799011548
34,7.8,5.989316178765523,0.9781603508278472,6.396195842815484,1.4830402963968854
35,8.0,6.089066290071883,0.9458241586324688,6.49293866346995,1.445945376430144
36,8.2,6.1902634391098985,0.944462583082086,6.590864912419035,1.4596806064185148
37,8.4,6.287204006045243,0.9201751662723207,6.686740080767371,1.4199740827438836
38,8.6,6.382811002807363,0.9166812012028211,6.780155857031294,1.4117062973242815
39,8.8,6.4740314597841335,0.9605340764114643,6.866148811702156,1.4152194403304568
40,9.0,6.564654882343717,1.0395926788068452,6.9632142007260756,1.5041368084235376
41,9.2,6.657592260137975,1.0121608927944639,7.0558552361434055,1.4584326180055625
42,9.4,6.7410007947925505,0.9202686478408711,7.1416810412896785,1.3679718556953606
43,9.6,6.823021253105348,0.8584055238728463,7.22308766582201,1.3440952934169141
44,9.8,6.908331422392753,0.8980188158308228,7.305756267672192,1.3787561254588636
45,10.0,6.988514949547986,0.9865436643238433,7.377332921686566,1.3377878072905058
46,10.2,7.062119956592554,0.995601380469989,7.459015255143366,1.5293525598796764
47,10.4,7.13737199708254,0.9762268811215007,7.538280955389439,1.5438616324204248
48,10.6,7.2132856324253725,0.9498630776614237,7.613464041155211,1.5282680178386672
49,10.8,7.288920078201777,0.9061428568069668,7.687500351400281,1.5169798675213306
50,11.0,7.365912315057531,0.9020937709927913,7.772261870942397,1.4821989984278823
51,11.2,7.446473428229205,0.9025729964894954,7.852398885482092,1.4109465507621497
52,11.4,7.5279604288487745,0.9296265883433344,7.927333939865885,1.4816317608085037
53,11.6,7.608314232727238,0.962785050956298,8.003366407497948,1.5895352729035366
54,11.8,7.683790712938006,0.9607732059176463,8.073459328121155,1.516304009731275
55,12.0,7.757843917017332,0.9659952057488262,8.146716953095478,1.5468116269044856
56,12.2,7.826927861621074,1.0064080237283528,8.220157405837758,1.5841709198615626
57,12.4,7.894146693138258,1.0102692013044943,8.28347365170185,1.5625114554798485
58,12.6,7.960391121523297,0.9987776425608178,8.340981377476993,1.472873289303107
59,12.8,8.024419480783585,0.9630710052640182,8.401961336815887,1.4763678887658436
60,13.0,8.090918769762261,1.0337109197676857,8.465606727915727,1.6062249906473935
61,13.2,8.15386202276152,1.0421910333383877,8.530938599589794,1.6882915197967592
62,13.4,8.216633676762,1.0155889374253946,8.597465839130068,1.5708750447984599
63,13.6,8.27786699648039,0.9747734929998176,8.652969895273493,1.4822144256848215
64,13.8,8.338894927853977,0.9960969486269614,8.710448840448144,1.437152520874837
65,14.0,8.402695759658881,1.0035331251386859,8.768266499936432,1.5517637628030532
66,14.2,8.46146563997259,1.004477845585277,8.825412459170323,1.4296182434558646
67,14.4,8.512901260376944,0.9661205933213077,8.882860806908068,1.4062252492968035
68,14.6,8.56297692357785,0.9781958774781323,8.933802417595727,1.426678638128725
69,14.8,8.615126120225428,1.0222938299744568,8.989590556321021,1.5225340988018417
70,15.0,8.66847491651336,0.9556567398961485,9.045524420324696,1.4190811544409445
71,15.2,8.717934020422097,0.9283898646803137,9.096157601342204,1.3039977927834676
72,15.4,8.766982213152472,0.9766656426680754,9.143145272392724,1.4611213593380221
73,15.6,8.818969238458159,0.9721766731786899,9.20200711803584,1.5174431185852395
74,15.8,8.86701887258503,0.9560274502508211,9.25324305969725,1.377105952157297
75,16.0,8.914308692083223,0.9308614866585957,9.292306502040054,1.4480444430367807
76,16.2,8.958685816581982,0.9445373682761833,9.339466739977697,1.5172143733274366
77,16.4,9.003954491383622,0.9786397097668947,9.385831216684656,1.4693884708572547
78,16.6,9.050708447203355,0.9495886182605812,9.42959517024468,1.4141227243076593
79,16.8,9.101134538359805,0.9087016155401723,9.47842331379499,1.4252002115479288
80,17.0,9.148530598345113,0.9343853654363419,9.523734914644484,1.5463034364406807
81,17.2,9.188354914996445,0.9639385375541027,9.564818252168529,1.531901991576957
82,17.4,9.226126413756893,0.9761378269394472,9.598513159018818,1.4909834437715015
83,17.6,9.267907272223717,1.0063536712117045,9.630966493010012,1.4776588563366821
84,17.8,9.308804594158866,1.0264663577638047,9.664065454646101,1.527878430645709
85,18.0,9.353226125943047,1.0180326918355485,9.709137866611492,1.49667548652617
86,18.2,9.394381415157389,1.0002758968261167,9.7466423131468,1.448727617309925
87,18.4,9.436021394729995,0.9804909841181387,9.785256461637104,1.4154426848885373
88,18.6,9.475948309568349,0.9764376043440187,9.821636074289778,1.4287544699079389
89,18.8,9.509687911774314,0.9613101864152642,9.856692807811957,1.4646523063939858
90,19.0,9.54615654389329,0.9568852825005627,9.891211011277377,1.5099374923740465
91,19.2,9.57891308593903,0.9904364930244931,9.921346929291571,1.4597265925161125
92,19.4,9.611620907937933,1.018709617344862,9.948329534703793,1.4482556229524743
93,19.6,9.641230874459863,0.9979183232099706,9.977704704326369,1.5078095091657036
94,19.8,9.668868606390491,0.9772153603543919,10.007592710754738,1.4832972538232732
95,20.0,9.696202073459592,0.915987390436163,10.035267833529373,1.4789459042761433
96,20.2,9.726189217247494,0.9431941814796826,10.06337379857097,1.5230958740806415
97,20.4,9.754280109455186,1.005999677893282,10.090101237487726,1.4859387616934663
98,20.6,9.772715963534237,0.9680283521314536,10.108687449492399,1.4624697426883906
99,20.8,9.7867449464068,0.9808740825053004,10.114927321292187,1.470281611172122
100,21.0,9.799999323189342,1.010705243287368,10.12781641382124,1.5342829506683424
101,21.2,9.816117189774475,0.960874679865567,10.141015200111303,1.4865495797887878
102,21.4,9.832673007195247,0.9181679462927711,10.151486776270449,1.5065156029418876
103,21.6,9.85219943570775,0.9125457031228151,10.17839011238248,1.5141888338718934
104,21.8,9.875538270867349,0.9346575828034914,10.20445931342524,1.3982601766947793
105,22.0,9.904577773314555,0.9208534984537797,10.230099414840437,1.4723230494316555
106,22.2,9.937978714984503,0.9907062312144751,10.255994599943202,1.4804355650513015
107,22.4,9.97504793241291,1.0233358236715935,10.298911431758066,1.5271172642613884
108,22.6,10.017263644281963,0.9945646450144606,10.351376551788833,1.5247559214737378
109,22.8,10.054329626853356,1.0410496303175003,10.391781167333015,1.6286870144525922
110,23.0,10.08689955157584,1.0167377767444679,10.419635474892058,1.5641519378349897
111,23.2,10.117067266041383,1.0031711726070465,10.445642408478495,1.4100026550538975
112,23.4,10.14476302291141,0.9858439390974961,10.466076386449817,1.3771113487207192
113,23.6,10.168314760315292,0.9682953575137584,10.501664517129687,1.4328522809430293
114,23.8,10.191088457185353,0.9771666161300029,10.528348225188612,1.366876345247486
115,24.0,10.213364936399069,1.0365099070196926,10.558093763034373,1.594038383454527
116,24.2,10.235085358136386,1.06651337468548,10.577892556789942,1.611950682404881
117,24.4,10.255244828073533,1.0191623896765918,10.600796681434911,1.5945873143368796
118,24.6,10.277259203353344,0.9886878576659376,10.622252970062767,1.5717219977640244
119,24.8,10.299035655907533,1.0051575403617379,10.642013266887632,1.5078174105427744
120,25.0,10.32513709478923,1.0078824843921346,10.672127797011697,1.432998314190777
121,25.2,10.347736912669967,1.0101324859119098,10.70106554985282,1.4776154713254177
122,25.4,10.368026573068843,0.9518486200736856,10.71919368568283,1.4820151203869607
123,25.6,10.379184318597906,0.9763685650647288,10.721735045202976,1.4708601371443901
124,25.8,10.387737077642912,0.9610386917676669,10.731657801601594,1.408642762908005
125,26.0,10.390799772118477,0.914983113475475,10.738550120010737,1.4439118520281553
126,26.2,10.39252103774785,0.9073631192755333,10.740703970195606,1.4081519741127522
127,26.4,10.391058277306978,0.8907701290959933,10.737853425396302,1.316689883625861
128,26.6,10.385253573701805,0.8906696647683968,10.733258931454989,1.412159269394816
129,26.8,10.381425823137473,0.9740510985589128,10.731310558661184,1.5236476861668982
130,27.0,10.382522420693514,1.0380688652286238,10.723695531352368,1.6514737635320873
131,27.2,10.382495148012012,1.03566072867396,10.719218646723073,1.6872423796738782
132,27.4,10.386360473466922,0.9032015749662725,10.7220746220223,1.5489613934296613
133,27.6,10.387471633812824,0.8492874491065182,10.723771311150983,1.4300321521373738
134,27.8,10.392295993028682,0.8770213791654831,10.724063417427779,1.3940072931086347
135,28.0,10.400918967521989,0.9498500004224741,10.731099876957984,1.418545191001041
136,28.2,10.413320630317129,1.0637696881276588,10.74215233259921,1.5404677624745375
137,28.4,10.430640239542655,1.0020629650140485,10.756677683167998,1.624342289819853
138,28.6,10.43725195787307,0.957402819348414,10.76666444042452,1.4831512672541087
139,28.8,10.442531679708013,0.9484480282074106,10.780839081434436,1.3300603432870517
140,29.0,10.441938377603243,0.971632550196019,10.778180106700063,1.3623833790707698
141,29.2,10.439266767009224,0.9658653687784556,10.778112444313159,1.2891979849665598
142,29.4,10.43733235373678,0.8862249893236339,10.77775714749307,1.2544082659954345
143,29.6,10.433178796826683,0.9101594537833518,10.778121690675752,1.2994797846494788
144,29.8,10.442089456611503,0.9216407682163162,10.780445423188851,1.4512572586676562
145,30.0,10.45515826394101,0.9366476733784007,10.795762959502271,1.4821257056361459
146,30.2,10.468345813389108,0.9337867187974574,10.803783446175581,1.4839446141487997
147,30.4,10.476369617731235,0.897950108281503,10.807460855701812,1.3574079143164417
148,30.6,10.487813827283635,0.9397696916371457,10.810868839997847,1.4050218641859222
149,30.8,10.505567119577721,0.950805931977674,10.832215167792606,1.5696502508357957
150,31.0,10.524089457834819,0.9929188859508568,10.845461312995296,1.6224756275823429
151,31.2,10.532942397804378,1.055739841735908,10.8580285865337,1.6080096336741876
152,31.4,10.546651555297869,0.9905385119680795,10.867755347543016,1.6365342583373694
153,31.6,10.561573266962405,0.9713352211250585,10.884742807061812,1.482278536155938
154,31.8,10.574120693391048,0.9718089738411781,10.896714540616523,1.4063287744096764
155,32.0,10.582322043917875,0.9886417975749513,10.892675818244541,1.4750601258116092
156,32.2,10.600081749933828,1.047322203948433,10.907544606989608,1.4522144556936734
157,32.4,10.616404896981592,0.9817438385498699,10.935645997255344,1.4513147585638027
158,32.6,10.631241450030732,0.9370259681148095,10.961217651773131,1.4659118820864636
159,32.8,10.646421281742269,0.9307901762097449,10.984440475313344,1.396695299410865
160,33.0,10.665361809496037,0.9374903701596824,10.998942840414236,1.3634092617041433
161,33.2,10.68507435070942,0.9283979318333397,11.003944480394395,1.267366086569199
162,33.4,10.715309505789008,0.9729737727543828,11.032150432137586,1.4718671867933777
163,33.6,10.749251327032605,1.1214658927004046,11.085788976555955,1.7153106655606916
164,33.8,10.786445649062534,1.1408474979364325,11.13172023588062,1.8087382528727733
165,34.0,10.813314742575736,1.0815246251100554,11.158697262097306,1.7162623244716098
166,34.2,10.83696070663674,0.8247159096557422,11.167062592129257,1.4451330607074304
167,34.4,10.855188104264835,0.7271992590842556,11.194593363160136,1.259345191825326
168,34.6,10.87650907037514,0.8223011854131691,11.230586251926965,1.437772212525475
169,34.8,10.90059589563777,0.8283806440050938,11.249651845514869,1.4759141861095741
170,35.0,10.923316815778241,0.8654832269166018,11.25592083089287,1.475289458528934
171,35.2,10.939666012688306,0.9050711214810371,11.281566497774337,1.5587072216747389
172,35.4,10.96375054738239,0.9213052474180218,11.317544955750094,1.5992598970389038
173,35.6,10.983347882435021,0.936415793567425,11.338897396870104,1.3330863331177258
174,35.8,10.995022107561327,0.9409268770359858,11.35268842894501,1.4584207872112538
175,36.0,11.01143878067864,0.9422094501656293,11.367541558028995,1.6328884141080537
176,36.2,11.02890961898342,0.9747375741457649,11.38043334735679,1.6672738103724372
177,36.4,11.052871599157823,1.189721850898272,11.407905923610807,1.8121653662377801
178,36.6,11.072145114719879,1.3274177447265523,11.415593423651401,2.000814272015126
179,36.8,11.102185344808873,1.1939640276727526,11.45189072906831,1.680508397253857
180,37.0,11.118929790286836,1.005386656155806,11.485517170240646,1.2963868362327255
181,37.2,11.138962841340467,0.7862030504160086,11.50555143447267,1.3356426080554078
182,37.4,11.145276953237628,0.7607378435056639,11.509529437593292,1.3448558039560432
183,37.6,11.151220906241223,0.9702793773760129,11.493765063145164,1.5270472273652447
184,37.8,11.164728112548547,1.2329092853049233,11.507961289545255,1.7964537199550739
185,38.0,11.183533496062262,1.1615294548599815,11.521760544814649,1.625435374976208
186,38.2,11.21514741555198,1.153220610188453,11.546196234262169,1.7102231955039304
187,38.4,11.248013887649321,1.2435604905097402,11.579273544680296,1.597415233895031
188,38.6,11.272299821061424,1.1689023181377103,11.596070464135456,1.5336398038051098
189,38.8,11.316154597990282,1.0976899200572687,11.643711470570542,1.355350783583792
190,39.0,11.370431722663199,1.0624823372929229,11.660609911124306,1.347828326065333
191,39.2,11.403437017642814,0.9294252973336602,11.69890765667319,1.5932325972839
192,39.4,11.442514579783024,0.9349801116710234,11.774159672044874,1.6748542038259993
193,39.6,11.481367211462043,0.9609644981196067,11.812954868981896,1.4799527913679509
194,39.8,11.492721705611878,0.745642666800082,11.829169946527083,1.2692153644297786
195,40.0,11.517992112539583,0.7148521556385227,11.856524967141857,1.1423109119378942
196,40.2,11.524108549946503,0.5453225655019718,11.89685585212264,1.1928807882123855
197,40.4,11.54681285369035,0.68321348627782,11.928068857918012,1.2201971123322963
198,40.6,11.561160791643074,0.6855173012737129,11.949835911815137,1.3195483137717565
199,40.8,11.592741854401881,0.8899253129691146,11.966936707045818,1.2451653887401448
200,41.0,11.580357332499185,0.6746422528748531,11.961770137636021,1.398170997771391
201,41.2,11.588848207047505,0.5714559649572919,11.966827655613697,1.183355772478569
202,41.4,11.575281228887812,0.5459883358500155,11.98340923404246,0.5034748210393026
203,41.6,11.591202068147723,0.5671749111701819,11.927181402572785,0.3582049173444506
204,41.8,11.688800668937006,0.9742173885362043,11.82205651744023,0.4660708006912438
