r Li-Li S_4c-Li S_4a-Li Cl_4c-Li Cl_4a-Li Li-S Li-Cl
0.000000 0.000000 0.000000 0.000000 0.000000 0.000000 0.000000 0.000000
0.010000 0.000000 0.000000 0.000000 0.000000 0.000000 0.000000 0.000000
0.020000 0.000000 0.000000 0.000000 0.000000 0.000000 0.000000 0.000000
0.030000 0.000000 0.000000 0.000000 0.000000 0.000000 0.000000 0.000000
0.040000 0.000000 0.000000 0.000000 0.000000 0.000000 0.000000 0.000000
0.050000 0.000000 0.000000 0.000000 0.000000 0.000000 0.000000 0.000000
0.060000 0.000000 0.000000 0.000000 0.000000 0.000000 0.000000 0.000000
0.070000 0.000000 0.000000 0.000000 0.000000 0.000000 0.000000 0.000000
0.080000 0.000000 0.000000 0.000000 0.000000 0.000000 0.000000 0.000000
0.090000 0.000000 0.000000 0.000000 0.000000 0.000000 0.000000 0.000000
0.100000 0.000000 0.000000 0.000000 0.000000 0.000000 0.000000 0.000000
0.110000 0.000000 0.000000 0.000000 0.000000 0.000000 0.000000 0.000000
0.120000 0.000000 0.000000 0.000000 0.000000 0.000000 0.000000 0.000000
0.130000 0.000000 0.000000 0.000000 0.000000 0.000000 0.000000 0.000000
0.140000 0.000000 0.000000 0.000000 0.000000 0.000000 0.000000 0.000000
0.150000 0.000000 0.000000 0.000000 0.000000 0.000000 0.000000 0.000000
0.160000 0.000000 0.000000 0.000000 0.000000 0.000000 0.000000 0.000000
0.170000 0.000000 0.000000 0.000000 0.000000 0.000000 0.000000 0.000000
0.180000 0.000000 0.000000 0.000000 0.000000 0.000000 0.000000 0.000000
0.190000 0.000000 0.000000 0.000000 0.000000 0.000000 0.000000 0.000000
0.200000 0.000000 0.000000 0.000000 0.000000 0.000000 0.000000 0.000000
0.210000 0.000000 0.000000 0.000000 0.000000 0.000000 0.000000 0.000000
0.220000 0.000000 0.000000 0.000000 0.000000 0.000000 0.000000 0.000000
0.230000 0.000000 0.000000 0.000000 0.000000 0.000000 0.000000 0.000000
0.240000 0.000000 0.000000 0.000000 0.000000 0.000000 0.000000 0.000000
0.250000 0.000000 0.000000 0.000000 0.000000 0.000000 0.000000 0.000000
0.260000 0.000000 0.000000 0.000000 0.000000 0.000000 0.000000 0.000000
0.270000 0.000000 0.000000 0.000000 0.000000 0.000000 0.000000 0.000000
0.280000 0.000000 0.000000 0.000000 0.000000 0.000000 0.000000 0.000000
0.290000 0.000000 0.000000 0.000000 0.000000 0.000000 0.000000 0.000000
0.300000 0.000000 0.000000 0.000000 0.000000 0.000000 0.000000 0.000000
0.310000 0.000000 0.000000 0.000000 0.000000 0.000000 0.000000 0.000000
0.320000 0.000000 0.000000 0.000000 0.000000 0.000000 0.000000 0.000000
0.330000 0.000000 0.000000 0.000000 0.000000 0.000000 0.000000 0.000000
0.340000 0.000000 0.000000 0.000000 0.000000 0.000000 0.000000 0.000000
0.350000 0.000000 0.000000 0.000000 0.000000 0.000000 0.000000 0.000000
0.360000 0.000000 0.000000 0.000000 0.000000 0.000000 0.000000 0.000000
0.370000 0.000000 0.000000 0.000000 0.000000 0.000000 0.000000 0.000000
0.380000 0.000000 0.000000 0.000000 0.000000 0.000000 0.000000 0.000000
0.390000 0.000000 0.000000 0.000000 0.000000 0.000000 0.000000 0.000000
0.400000 0.000000 0.000000 0.000000 0.000000 0.000000 0.000000 0.000000
0.410000 0.000000 0.000000 0.000000 0.000000 0.000000 0.000000 0.000000
0.420000 0.000000 0.000000 0.000000 0.000000 0.000000 0.000000 0.000000
0.430000 0.000000 0.000000 0.000000 0.000000 0.000000 0.000000 0.000000
0.440000 0.000000 0.000000 0.000000 0.000000 0.000000 0.000000 0.000000
0.450000 0.000000 0.000000 0.000000 0.000000 0.000000 0.000000 0.000000
0.460000 0.000000 0.000000 0.000000 0.000000 0.000000 0.000000 0.000000
0.470000 0.000000 0.000000 0.000000 0.000000 0.000000 0.000000 0.000000
0.480000 0.000000 0.000000 0.000000 0.000000 0.000000 0.000000 0.000000
0.490000 0.000000 0.000000 0.000000 0.000000 0.000000 0.000000 0.000000
0.500000 0.000000 0.000000 0.000000 0.000000 0.000000 0.000000 0.000000
0.510000 0.000000 0.000000 0.000000 0.000000 0.000000 0.000000 0.000000
0.520000 0.000000 0.000000 0.000000 0.000000 0.000000 0.000000 0.000000
0.530000 0.000000 0.000000 0.000000 0.000000 0.000000 0.000000 0.000000
0.540000 0.000000 0.000000 0.000000 0.000000 0.000000 0.000000 0.000000
0.550000 0.000000 0.000000 0.000000 0.000000 0.000000 0.000000 0.000000
0.560000 0.000000 0.000000 0.000000 0.000000 0.000000 0.000000 0.000000
0.570000 0.000000 0.000000 0.000000 0.000000 0.000000 0.000000 0.000000
0.580000 0.000000 0.000000 0.000000 0.000000 0.000000 0.000000 0.000000
0.590000 0.000000 0.000000 0.000000 0.000000 0.000000 0.000000 0.000000
0.600000 0.000000 0.000000 0.000000 0.000000 0.000000 0.000000 0.000000
0.610000 0.000000 0.000000 0.000000 0.000000 0.000000 0.000000 0.000000
0.620000 0.000000 0.000000 0.000000 0.000000 0.000000 0.000000 0.000000
0.630000 0.000000 0.000000 0.000000 0.000000 0.000000 0.000000 0.000000
0.640000 0.000000 0.000000 0.000000 0.000000 0.000000 0.000000 0.000000
0.650000 0.000000 0.000000 0.000000 0.000000 0.000000 0.000000 0.000000
0.660000 0.000000 0.000000 0.000000 0.000000 0.000000 0.000000 0.000000
0.670000 0.000000 0.000000 0.000000 0.000000 0.000000 0.000000 0.000000
0.680000 0.000000 0.000000 0.000000 0.000000 0.000000 0.000000 0.000000
0.690000 0.000000 0.000000 0.000000 0.000000 0.000000 0.000000 0.000000
0.700000 0.000000 0.000000 0.000000 0.000000 0.000000 0.000000 0.000000
0.710000 0.000000 0.000000 0.000000 0.000000 0.000000 0.000000 0.000000
0.720000 0.000000 0.000000 0.000000 0.000000 0.000000 0.000000 0.000000
0.730000 0.000000 0.000000 0.000000 0.000000 0.000000 0.000000 0.000000
0.740000 0.000000 0.000000 0.000000 0.000000 0.000000 0.000000 0.000000
0.750000 0.000000 0.000000 0.000000 0.000000 0.000000 0.000000 0.000000
0.760000 0.000000 0.000000 0.000000 0.000000 0.000000 0.000000 0.000000
0.770000 0.000000 0.000000 0.000000 0.000000 0.000000 0.000000 0.000000
0.780000 0.000000 0.000000 0.000000 0.000000 0.000000 0.000000 0.000000
0.790000 0.000000 0.000000 0.000000 0.000000 0.000000 0.000000 0.000000
0.800000 0.000000 0.000000 0.000000 0.000000 0.000000 0.000000 0.000000
0.810000 0.000000 0.000000 0.000000 0.000000 0.000000 0.000000 0.000000
0.820000 0.000000 0.000000 0.000000 0.000000 0.000000 0.000000 0.000000
0.830000 0.000000 0.000000 0.000000 0.000000 0.000000 0.000000 0.000000
0.840000 0.000000 0.000000 0.000000 0.000000 0.000000 0.000000 0.000000
0.850000 0.000000 0.000000 0.000000 0.000000 0.000000 0.000000 0.000000
0.860000 0.000000 0.000000 0.000000 0.000000 0.000000 0.000000 0.000000
0.870000 0.000000 0.000000 0.000000 0.000000 0.000000 0.000000 0.000000
0.880000 0.000000 0.000000 0.000000 0.000000 0.000000 0.000000 0.000000
0.890000 0.000000 0.000000 0.000000 0.000000 0.000000 0.000000 0.000000
0.900000 0.000000 0.000000 0.000000 0.000000 0.000000 0.000000 0.000000
0.910000 0.000000 0.000000 0.000000 0.000000 0.000000 0.000000 0.000000
0.920000 0.000000 0.000000 0.000000 0.000000 0.000000 0.000000 0.000000
0.930000 0.000000 0.000000 0.000000 0.000000 0.000000 0.000000 0.000000
0.940000 0.000000 0.000000 0.000000 0.000000 0.000000 0.000000 0.000000
0.950000 0.000000 0.000000 0.000000 0.000000 0.000000 0.000000 0.000000
0.960000 0.000000 0.000000 0.000000 0.000000 0.000000 0.000000 0.000000
0.970000 0.000000 0.000000 0.000000 0.000000 0.000000 0.000000 0.000000
0.980000 0.000000 0.000000 0.000000 0.000000 0.000000 0.000000 0.000000
0.990000 0.000000 0.000000 0.000000 0.000000 0.000000 0.000000 0.000000
1.000000 0.000000 0.000000 0.000000 0.000000 0.000000 0.000000 0.000000
1.010000 0.000000 0.000000 0.000000 0.000000 0.000000 0.000000 0.000000
1.020000 0.000000 0.000000 0.000000 0.000000 0.000000 0.000000 0.000000
1.030000 0.000000 0.000000 0.000000 0.000000 0.000000 0.000000 0.000000
1.040000 0.000000 0.000000 0.000000 0.000000 0.000000 0.000000 0.000000
1.050000 0.000000 0.000000 0.000000 0.000000 0.000000 0.000000 0.000000
1.060000 0.000000 0.000000 0.000000 0.000000 0.000000 0.000000 0.000000
1.070000 0.000000 0.000000 0.000000 0.000000 0.000000 0.000000 0.000000
1.080000 0.000000 0.000000 0.000000 0.000000 0.000000 0.000000 0.000000
1.090000 0.000000 0.000000 0.000000 0.000000 0.000000 0.000000 0.000000
1.100000 0.000000 0.000000 0.000000 0.000000 0.000000 0.000000 0.000000
1.110000 0.000000 0.000000 0.000000 0.000000 0.000000 0.000000 0.000000
1.120000 0.000000 0.000000 0.000000 0.000000 0.000000 0.000000 0.000000
1.130000 0.000000 0.000000 0.000000 0.000000 0.000000 0.000000 0.000000
1.140000 0.000000 0.000000 0.000000 0.000000 0.000000 0.000000 0.000000
1.150000 0.000000 0.000000 0.000000 0.000000 0.000000 0.000000 0.000000
1.160000 0.000000 0.000000 0.000000 0.000000 0.000000 0.000000 0.000000
1.170000 0.000000 0.000000 0.000000 0.000000 0.000000 0.000000 0.000000
1.180000 0.000000 0.000000 0.000000 0.000000 0.000000 0.000000 0.000000
1.190000 0.000000 0.000000 0.000000 0.000000 0.000000 0.000000 0.000000
1.200000 0.000000 0.000000 0.000000 0.000000 0.000000 0.000000 0.000000
1.210000 0.000000 0.000000 0.000000 0.000000 0.000000 0.000000 0.000000
1.220000 0.000000 0.000000 0.000000 0.000000 0.000000 0.000000 0.000000
1.230000 0.000000 0.000000 0.000000 0.000000 0.000000 0.000000 0.000000
1.240000 0.000000 0.000000 0.000000 0.000000 0.000000 0.000000 0.000000
1.250000 0.000000 0.000000 0.000000 0.000000 0.000000 0.000000 0.000000
1.260000 0.000000 0.000000 0.000000 0.000000 0.000000 0.000000 0.000000
1.270000 0.000000 0.000000 0.000000 0.000000 0.000000 0.000000 0.000000
1.280000 0.000000 0.000000 0.000000 0.000000 0.000000 0.000000 0.000000
1.290000 0.000000 0.000000 0.000000 0.000000 0.000000 0.000000 0.000000
1.300000 0.000000 0.000000 0.000000 0.000000 0.000000 0.000000 0.000000
1.310000 0.000000 0.000000 0.000000 0.000000 0.000000 0.000000 0.000000
1.320000 0.000000 0.000000 0.000000 0.000000 0.000000 0.000000 0.000000
1.330000 0.000000 0.000000 0.000000 0.000000 0.000000 0.000000 0.000000
1.340000 0.000000 0.000000 0.000000 0.000000 0.000000 0.000000 0.000000
1.350000 0.000000 0.000000 0.000000 0.000000 0.000000 0.000000 0.000000
1.360000 0.000000 0.000000 0.000000 0.000000 0.000000 0.000000 0.000000
1.370000 0.000000 0.000000 0.000000 0.000000 0.000000 0.000000 0.000000
1.380000 0.000000 0.000000 0.000000 0.000000 0.000000 0.000000 0.000000
1.390000 0.000000 0.000000 0.000000 0.000000 0.000000 0.000000 0.000000
1.400000 0.000000 0.000000 0.000000 0.000000 0.000000 0.000000 0.000000
1.410000 0.000000 0.000000 0.000000 0.000000 0.000000 0.000000 0.000000
1.420000 0.000000 0.000000 0.000000 0.000000 0.000000 0.000000 0.000000
1.430000 0.000000 0.000000 0.000000 0.000000 0.000000 0.000000 0.000000
1.440000 0.000000 0.000000 0.000000 0.000000 0.000000 0.000000 0.000000
1.450000 0.000000 0.000000 0.000000 0.000000 0.000000 0.000000 0.000000
1.460000 0.000000 0.000000 0.000000 0.000000 0.000000 0.000000 0.000000
1.470000 0.000000 0.000000 0.000000 0.000000 0.000000 0.000000 0.000000
1.480000 0.000000 0.000000 0.000000 0.000000 0.000000 0.000000 0.000000
1.490000 0.000000 0.000000 0.000000 0.000000 0.000000 0.000000 0.000000
1.500000 0.000000 0.000000 0.000000 0.000000 0.000000 0.000000 0.000000
1.510000 0.000000 0.000000 0.000000 0.000000 0.000000 0.000000 0.000000
1.520000 0.000000 0.000000 0.000000 0.000000 0.000000 0.000000 0.000000
1.530000 0.000000 0.000000 0.000000 0.000000 0.000000 0.000000 0.000000
1.540000 0.000000 0.000000 0.000000 0.000000 0.000000 0.000000 0.000000
1.550000 0.000000 0.000000 0.000000 0.000000 0.000000 0.000000 0.000000
1.560000 0.000000 0.000000 0.000000 0.000000 0.000000 0.000000 0.000000
1.570000 0.000000 0.000000 0.000000 0.000000 0.000000 0.000000 0.000000
1.580000 0.000000 0.000000 0.000000 0.000000 0.000000 0.000000 0.000000
1.590000 0.000000 0.000000 0.000000 0.000000 0.000000 0.000000 0.000000
1.600000 0.000000 0.000000 0.000000 0.000000 0.000000 0.000000 0.000000
1.610000 0.000000 0.000000 0.000000 0.000000 0.000000 0.000000 0.000000
1.620000 0.000000 0.000000 0.000000 0.000000 0.000000 0.000000 0.000000
1.630000 0.000000 0.000000 0.000000 0.000000 0.000000 0.000000 0.000000
1.640000 0.000000 0.000000 0.000000 0.000000 0.000000 0.000000 0.000000
1.650000 0.000000 0.000000 0.000000 0.000000 0.000000 0.000000 0.000000
1.660000 0.000000 0.000000 0.000000 0.000000 0.000000 0.000000 0.000000
1.670000 0.000000 0.000000 0.000000 0.000000 0.000000 0.000000 0.000000
1.680000 0.000000 0.000000 0.000000 0.000000 0.000000 0.000000 0.000000
1.690000 0.000000 0.000000 0.000000 0.000000 0.000000 0.000000 0.000000
1.700000 0.000000 0.000000 0.000000 0.000000 0.000000 0.000000 0.000000
1.710000 0.000000 0.000000 0.000000 0.000000 0.000000 0.000000 0.000000
1.720000 0.000000 0.000000 0.000000 0.000000 0.000000 0.000000 0.000000
1.730000 0.000000 0.000000 0.000000 0.000000 0.000000 0.000000 0.000000
1.740000 0.000000 0.000000 0.000000 0.000000 0.000000 0.000000 0.000000
1.750000 0.000000 0.000000 0.000000 0.000000 0.000000 0.000000 0.000000
1.760000 0.000000 0.000000 0.000000 0.000000 0.000000 0.000000 0.000000
1.770000 0.000000 0.000000 0.000000 0.000000 0.000000 0.000000 0.000000
1.780000 0.000000 0.000000 0.000000 0.000000 0.000000 0.000000 0.000000
1.790000 0.000000 0.000000 0.000000 0.000000 0.000000 0.000000 0.000000
1.800000 0.000000 0.000000 0.000000 0.000000 0.000000 0.000000 0.000000
1.810000 0.000000 0.000000 0.000000 0.000000 0.000000 0.000000 0.000000
1.820000 0.000000 0.000000 0.000000 0.000000 0.000000 0.000000 0.000000
1.830000 0.000000 0.000000 0.000000 0.000000 0.000000 0.000000 0.000000
1.840000 0.000000 0.000000 0.000000 0.000000 0.000000 0.000000 0.000000
1.850000 0.000000 0.000000 0.000000 0.000000 0.000000 0.000000 0.000000
1.860000 0.000000 0.000000 0.000000 0.000000 0.000000 0.000000 0.000000
1.870000 0.000000 0.000000 0.000000 0.000000 0.000000 0.000000 0.000000
1.880000 0.000000 0.000000 0.000000 0.000000 0.000000 0.000000 0.000000
1.890000 0.000000 0.000000 0.000000 0.000000 0.000000 0.000000 0.000000
1.900000 0.000000 0.000000 0.000000 0.000000 0.000000 0.000000 0.000000
1.910000 0.000000 0.000000 0.000000 0.000000 0.000000 0.000000 0.000000
1.920000 0.000000 0.000000 0.000000 0.000000 0.000000 0.000000 0.000000
1.930000 0.000000 0.000000 0.000000 0.000000 0.000000 0.000000 0.000000
1.940000 0.000000 0.000000 0.000000 0.000000 0.000000 0.000000 0.000000
1.950000 0.000000 0.000000 0.000000 0.000000 0.000000 0.000000 0.000000
1.960000 0.000000 0.000000 0.000000 0.000000 0.000000 0.000000 0.000000
1.970000 0.000000 0.000000 0.000000 0.000000 0.000000 0.000000 0.000000
1.980000 0.000000 0.000000 0.000000 0.000000 0.000000 0.000000 0.000000
1.990000 0.000000 0.000000 0.000000 0.000000 0.000000 0.000000 0.000000
2.000000 0.000000 0.000000 0.000000 0.000000 0.000000 0.000000 0.000000
2.010000 0.000000 0.000000 0.000000 0.000000 0.000000 0.000000 0.000000
2.020000 0.000000 0.000000 0.000000 0.000000 0.000000 0.000000 0.000000
2.030000 0.000000 0.000000 0.000000 0.000000 0.000000 0.000000 0.000000
2.040000 0.000000 0.000000 0.000000 0.000000 0.000000 0.000000 0.000000
2.050000 0.000000 0.000000 0.000000 0.000000 0.000000 0.000000 0.000000
2.060000 0.000000 0.000000 0.000000 0.000000 0.000000 0.000000 0.000000
2.070000 0.000000 0.000000 0.000000 0.000000 0.000000 0.000000 0.000000
2.080000 0.000000 0.000000 0.000000 0.000000 0.000000 0.000000 0.000000
2.090000 0.000000 0.000000 0.000000 0.000000 0.000000 0.000000 0.000000
2.100000 0.000000 0.000000 0.000000 0.000000 0.000000 0.000000 0.000000
2.110000 0.000000 0.000000 0.000000 0.000000 0.000000 0.000000 0.000000
2.120000 0.000000 0.000000 0.000000 0.000000 0.000000 0.000000 0.000000
2.130000 0.000000 0.000000 0.000000 0.000000 0.000000 0.000000 0.000000
2.140000 0.000000 0.000000 0.000000 0.000000 0.000000 0.000000 0.000000
2.150000 0.000000 0.000000 0.000000 0.000000 0.000000 0.000000 0.000000
2.160000 0.000000 0.000000 0.000000 0.000000 0.000000 0.000000 0.000000
2.170000 0.000000 0.000000 0.000000 0.000000 0.000000 0.000000 0.000000
2.180000 0.000000 0.000000 0.000000 0.000000 0.000000 0.000000 0.000000
2.190000 0.000000 0.000000 0.000000 0.000000 0.000000 0.000000 0.000000
2.200000 0.000000 0.000000 0.000000 0.000000 0.000000 0.000000 0.000000
2.210000 0.000000 0.000000 0.000000 0.000000 0.000000 0.000000 0.000000
2.220000 0.000000 0.000000 0.000000 0.000000 0.000000 0.000000 0.000000
2.230000 0.000000 0.000001 0.000000 0.000000 0.000000 0.000000 0.000000
2.240000 0.000000 0.000026 0.000000 0.000000 0.000000 0.000005 0.000000
2.250000 0.000000 0.000429 0.000000 0.000000 0.000000 0.000086 0.000000
2.260000 0.000000 0.004353 0.000000 0.000000 0.000000 0.000871 0.000000
2.270000 0.000000 0.035572 0.000000 0.000000 0.000002 0.007114 0.000002
2.280000 0.000000 0.217677 0.000000 0.000000 0.000069 0.043535 0.000069
2.290000 0.000000 0.933481 0.000000 0.000000 0.000940 0.186696 0.000940
2.300000 0.000000 2.911210 0.000000 0.000000 0.005669 0.582248 0.005669
2.310000 0.000000 6.808222 0.000000 0.000000 0.018817 1.361751 0.018817
2.320000 0.000000 12.158801 0.000000 0.000000 0.046490 2.432772 0.046490
2.330000 0.000000 17.138931 0.000000 0.000000 0.102361 3.433367 0.102361
2.340000 0.000000 20.429445 0.000000 0.000000 0.204140 4.107043 0.204140
2.350000 0.000000 22.867830 0.000000 0.000000 0.383365 4.639940 0.383365
2.360000 0.000000 26.373693 0.000000 0.000000 0.666287 5.456055 0.666287
2.370000 0.000000 31.468381 0.000000 0.000000 1.028101 6.717765 1.028101
2.380000 0.000000 36.516156 0.000000 0.000000 1.453416 8.167459 1.453416
2.390000 0.000000 39.460869 0.000000 0.000000 1.940776 9.462662 1.940776
2.400000 0.000000 38.760912 0.000000 0.000000 2.515225 10.324931 2.515225
2.410000 0.000000 34.198574 0.000000 0.000000 3.274255 10.675323 3.274255
2.420000 0.000000 27.076626 0.000000 0.000000 4.254737 10.660951 4.254737
2.430000 0.000000 19.397887 0.000000 0.000000 5.403135 10.492217 5.403135
2.440000 0.000000 12.644346 0.000000 0.000000 6.735873 10.207070 6.735873
2.450000 0.000000 7.504423 0.000000 0.000000 8.079441 9.753328 8.079441
2.460000 0.000000 4.128610 0.000000 0.000000 9.228039 9.192758 9.228039
2.470000 0.000000 2.116846 0.000000 0.000000 10.188213 8.624481 10.188213
2.480000 0.000000 1.014981 0.000000 0.000000 10.894989 8.133818 10.894989
2.490000 0.000000 0.481339 0.000000 0.000000 11.292901 7.713378 11.292901
2.500000 0.000000 0.226037 0.000000 0.000000 11.389597 7.320083 11.389597
2.510000 0.000000 0.095256 0.000000 0.000000 11.349758 6.922136 11.349758
2.520000 0.000000 0.035555 0.000000 0.000000 11.210345 6.496100 11.210345
2.530000 0.000000 0.013376 0.000000 0.000000 10.792359 5.981889 10.792359
2.540000 0.000000 0.006935 0.000000 0.000000 10.179705 5.402605 10.179705
2.550000 0.000000 0.005214 0.000000 0.000000 9.474765 4.805641 9.474765
2.560000 0.000000 0.004863 0.000000 0.000000 8.793376 4.183816 8.793376
2.570000 0.000000 0.004310 0.000000 0.000000 8.137444 3.585162 8.137444
2.580000 0.000000 0.002117 0.000000 0.000000 7.391376 3.043893 7.391376
2.590000 0.000006 0.000439 0.000000 0.000000 6.637658 2.538445 6.637658
2.600000 0.000068 0.000035 0.000000 0.000000 6.000076 2.085895 6.000076
2.610000 0.000314 0.000001 0.000000 0.000000 5.456279 1.701918 5.456279
2.620000 0.000661 0.000000 0.000000 0.000000 4.904761 1.389863 4.904761
2.630000 0.001321 0.000000 0.000000 0.000000 4.365103 1.153624 4.365103
2.640000 0.003808 0.000000 0.000000 0.000000 3.931308 0.963188 3.931308
2.650000 0.010839 0.000000 0.000000 0.000000 3.566814 0.795507 3.566814
2.660000 0.027203 0.000000 0.000000 0.000000 3.176068 0.663500 3.176068
2.670000 0.058713 0.000000 0.000000 0.000000 2.796144 0.563829 2.796144
2.680000 0.112316 0.000000 0.000000 0.000000 2.512644 0.468998 2.512644
2.690000 0.191476 0.000000 0.000000 0.000000 2.329582 0.384832 2.329582
2.700000 0.298290 0.000000 0.000000 0.000000 2.160308 0.322095 2.160308
2.710000 0.439192 0.000000 0.000000 0.000000 1.961424 0.270654 1.961424
2.720000 0.597289 0.000000 0.000000 0.000000 1.778382 0.231308 1.778382
2.730000 0.754402 0.000000 0.000000 0.000000 1.630760 0.202154 1.630760
2.740000 0.910671 0.000000 0.000000 0.000000 1.489123 0.176517 1.489123
2.750000 1.058997 0.000000 0.000000 0.000000 1.353175 0.154454 1.353175
2.760000 1.166731 0.000000 0.000000 0.000000 1.254827 0.133037 1.254827
2.770000 1.188116 0.000000 0.000000 0.000000 1.158772 0.115882 1.158772
2.780000 1.171156 0.000000 0.000000 0.000000 1.049240 0.100799 1.049240
2.790000 1.148292 0.000000 0.000000 0.000000 0.952507 0.090557 0.952507
2.800000 1.101318 0.000000 0.000000 0.000000 0.881931 0.083820 0.881931
2.810000 1.062132 0.000000 0.000000 0.000000 0.830172 0.075880 0.830172
2.820000 1.031071 0.000000 0.000000 0.000000 0.780427 0.070089 0.780427
2.830000 1.002267 0.000000 0.000000 0.000000 0.721499 0.064133 0.721499
2.840000 1.001011 0.000000 0.000000 0.000000 0.655966 0.056648 0.655966
2.850000 0.997187 0.000000 0.000000 0.000000 0.619475 0.050745 0.619475
2.860000 0.948440 0.000000 0.000000 0.000000 0.609631 0.047199 0.609631
2.870000 0.875492 0.000000 0.000000 0.000000 0.592041 0.041937 0.592041
2.880000 0.813248 0.000000 0.000000 0.000000 0.575928 0.036468 0.575928
2.890000 0.760366 0.000000 0.000000 0.000000 0.561197 0.033049 0.561197
2.900000 0.711087 0.000000 0.000000 0.000000 0.528394 0.033083 0.528394
2.910000 0.662217 0.000000 0.000000 0.000000 0.502124 0.033075 0.502124
2.920000 0.616156 0.000000 0.000000 0.000000 0.487872 0.030788 0.487872
2.930000 0.584485 0.000000 0.000000 0.000000 0.460504 0.028067 0.460504
2.940000 0.568799 0.000000 0.000000 0.000000 0.433484 0.026094 0.433484
2.950000 0.564458 0.000000 0.000000 0.000000 0.409075 0.023971 0.409075
2.960000 0.570570 0.000000 0.000000 0.000000 0.392569 0.022106 0.392569
2.970000 0.588487 0.000000 0.000000 0.000000 0.391155 0.022531 0.391155
2.980000 0.610229 0.000000 0.000000 0.000000 0.401223 0.023393 0.401223
2.990000 0.627501 0.000000 0.000000 0.000000 0.407197 0.023485 0.407197
3.000000 0.652401 0.000000 0.000000 0.000000 0.391818 0.025476 0.391818
3.010000 0.678596 0.000000 0.000000 0.000000 0.362838 0.027281 0.362838
3.020000 0.696652 0.000000 0.000000 0.000000 0.336217 0.025987 0.336217
3.030000 0.719421 0.000000 0.000000 0.000000 0.332277 0.025071 0.332277
3.040000 0.752934 0.000000 0.000000 0.000000 0.339070 0.025554 0.339070
3.050000 0.802343 0.000000 0.000000 0.000000 0.330447 0.024485 0.330447
3.060000 0.862503 0.000000 0.000000 0.000000 0.331595 0.024327 0.331595
3.070000 0.925886 0.000000 0.000000 0.000000 0.334749 0.026449 0.334749
3.080000 0.976477 0.000000 0.000000 0.000000 0.322805 0.028212 0.322805
3.090000 1.003092 0.000000 0.000000 0.000000 0.319401 0.028661 0.319401
3.100000 1.038151 0.000000 0.000000 0.000000 0.332357 0.028477 0.332357
3.110000 1.086070 0.000000 0.000000 0.000000 0.338999 0.027662 0.338999
3.120000 1.129860 0.000000 0.000000 0.000000 0.325167 0.026594 0.325167
3.130000 1.177519 0.000000 0.000000 0.000000 0.312681 0.028131 0.312681
3.140000 1.238840 0.000000 0.000000 0.000000 0.322939 0.032128 0.322939
3.150000 1.310150 0.000000 0.000000 0.000000 0.339330 0.034964 0.339330
3.160000 1.375733 0.000000 0.000000 0.000000 0.344924 0.035119 0.344924
3.170000 1.442848 0.000000 0.000000 0.000000 0.332012 0.034329 0.332012
3.180000 1.513775 0.000000 0.000000 0.000000 0.323276 0.035336 0.323276
3.190000 1.597161 0.000000 0.000000 0.000000 0.336735 0.038985 0.336735
3.200000 1.683728 0.000000 0.000000 0.000000 0.364286 0.043750 0.364286
3.210000 1.758939 0.000000 0.000000 0.000000 0.373166 0.045315 0.373166
3.220000 1.847498 0.000000 0.000000 0.000000 0.357769 0.043907 0.357769
3.230000 1.935072 0.000000 0.000000 0.000000 0.346545 0.043802 0.346545
3.240000 2.003586 0.000000 0.000000 0.000000 0.348595 0.045213 0.348595
3.250000 2.035952 0.000000 0.000000 0.000000 0.356831 0.047183 0.356831
3.260000 2.056790 0.000000 0.000000 0.000000 0.351432 0.051425 0.351432
3.270000 2.107716 0.000000 0.000000 0.000000 0.339237 0.057794 0.339237
3.280000 2.180852 0.000000 0.000000 0.000000 0.346188 0.063062 0.346188
3.290000 2.242163 0.000000 0.000000 0.000000 0.358710 0.068270 0.358710
3.300000 2.263744 0.000000 0.000000 0.000000 0.357216 0.073024 0.357216
3.310000 2.270719 0.000000 0.000000 0.000000 0.352142 0.074612 0.352142
3.320000 2.281498 0.000000 0.000000 0.000000 0.357192 0.076283 0.357192
3.330000 2.302627 0.000000 0.000000 0.000000 0.364744 0.080690 0.364744
3.340000 2.328336 0.000000 0.000000 0.000000 0.376425 0.086389 0.376425
3.350000 2.337987 0.000000 0.000000 0.000000 0.392281 0.090267 0.392281
3.360000 2.305782 0.000000 0.000000 0.000000 0.398083 0.094864 0.398083
3.370000 2.260454 0.000000 0.000000 0.000000 0.395079 0.103751 0.395079
3.380000 2.238194 0.000000 0.000000 0.000000 0.388558 0.113936 0.388558
3.390000 2.227152 0.000000 0.000000 0.000000 0.386122 0.122271 0.386122
3.400000 2.210672 0.000000 0.000000 0.000000 0.402741 0.132653 0.402741
3.410000 2.170744 0.000000 0.000000 0.000000 0.436177 0.144296 0.436177
3.420000 2.139555 0.000000 0.000000 0.000000 0.461192 0.153105 0.461192
3.430000 2.124807 0.000000 0.000000 0.000000 0.458347 0.159348 0.458347
3.440000 2.088161 0.000000 0.000000 0.000000 0.440733 0.167815 0.440733
3.450000 2.027239 0.000000 0.000000 0.000000 0.429431 0.180928 0.429431
3.460000 1.975871 0.000000 0.000000 0.000000 0.432717 0.195959 0.432717
3.470000 1.955614 0.000000 0.000000 0.000000 0.442031 0.209623 0.442031
3.480000 1.945977 0.000000 0.000000 0.000000 0.441275 0.224174 0.441275
3.490000 1.917074 0.000000 0.000000 0.000000 0.450068 0.238441 0.450068
3.500000 1.862767 0.000000 0.000000 0.000000 0.474051 0.255300 0.474051
3.510000 1.806599 0.000000 0.000000 0.000000 0.493708 0.274999 0.493708
3.520000 1.761390 0.000000 0.000000 0.000000 0.493435 0.294158 0.493435
3.530000 1.730538 0.000000 0.000000 0.000000 0.489156 0.314566 0.489156
3.540000 1.715363 0.000000 0.000000 0.000000 0.501997 0.334335 0.501997
3.550000 1.679442 0.000000 0.000000 0.000000 0.524261 0.351239 0.524261
3.560000 1.623118 0.000000 0.000000 0.000000 0.537451 0.367621 0.537451
3.570000 1.567895 0.000000 0.000000 0.000000 0.543929 0.395833 0.543929
3.580000 1.514049 0.000000 0.000000 0.000000 0.549114 0.428030 0.549114
3.590000 1.473610 0.000000 0.000000 0.000000 0.563166 0.449586 0.563166
3.600000 1.442799 0.000000 0.000000 0.000000 0.573330 0.466199 0.573330
3.610000 1.419343 0.000000 0.000000 0.000000 0.579931 0.488385 0.579931
3.620000 1.404581 0.000000 0.000000 0.000000 0.604631 0.516563 0.604631
3.630000 1.370046 0.000000 0.000000 0.000000 0.627741 0.545226 0.627741
3.640000 1.322101 0.000000 0.000000 0.000000 0.628639 0.578331 0.628639
3.650000 1.277910 0.000000 0.000000 0.000000 0.617940 0.620906 0.617940
3.660000 1.242001 0.000000 0.000000 0.000000 0.613968 0.652422 0.613968
3.670000 1.212939 0.000000 0.000000 0.000000 0.623111 0.672930 0.623111
3.680000 1.177048 0.000000 0.000000 0.000000 0.632058 0.702018 0.632058
3.690000 1.157518 0.000000 0.000000 0.000000 0.639885 0.737506 0.639885
3.700000 1.182331 0.000000 0.000000 0.000000 0.663911 0.770742 0.663911
3.710000 1.213986 0.000000 0.000000 0.000000 0.688286 0.794183 0.688286
3.720000 1.217108 0.000000 0.000000 0.000000 0.698954 0.816228 0.698954
3.730000 1.200190 0.000000 0.000000 0.000000 0.692277 0.852112 0.692277
3.740000 1.187905 0.000000 0.000000 0.000000 0.679713 0.893347 0.679713
3.750000 1.199091 0.000000 0.000000 0.000000 0.694019 0.918743 0.694019
3.760000 1.220231 0.000000 0.000000 0.000000 0.724861 0.938451 0.724861
3.770000 1.235158 0.000000 0.000000 0.000000 0.745515 0.970919 0.745515
3.780000 1.245006 0.000000 0.000000 0.000000 0.769372 1.009195 0.769372
3.790000 1.251579 0.000000 0.000000 0.000000 0.791926 1.036450 0.791926
3.800000 1.255130 0.000000 0.000000 0.000000 0.795804 1.056989 0.795804
3.810000 1.269000 0.000000 0.000000 0.000000 0.792885 1.083867 0.792885
3.820000 1.282949 0.000000 0.000000 0.000000 0.784000 1.108480 0.784000
3.830000 1.280115 0.000000 0.000000 0.000000 0.780657 1.133356 0.780657
3.840000 1.283276 0.000000 0.000000 0.000000 0.795777 1.171911 0.795777
3.850000 1.301480 0.000000 0.000000 0.000000 0.815224 1.208790 0.815224
3.860000 1.317036 0.000000 0.000000 0.000000 0.811984 1.229721 0.811984
3.870000 1.316279 0.000000 0.000000 0.000000 0.797597 1.240952 0.797597
3.880000 1.310775 0.000000 0.000000 0.000000 0.798589 1.258970 0.798589
3.890000 1.314070 0.000000 0.000000 0.000000 0.817031 1.284029 0.817031
3.900000 1.320819 0.000000 0.000000 0.000000 0.836196 1.306737 0.836196
3.910000 1.322825 0.000000 0.000000 0.000000 0.836565 1.320335 0.836565
3.920000 1.320033 0.000000 0.000000 0.000000 0.817487 1.320910 0.817487
3.930000 1.315531 0.000000 0.000000 0.000000 0.806944 1.316773 0.806944
3.940000 1.299286 0.000000 0.000000 0.000000 0.813930 1.316081 0.813930
3.950000 1.284074 0.000000 0.000000 0.000000 0.831319 1.313455 0.831319
3.960000 1.274236 0.000000 0.000000 0.000000 0.843425 1.314428 0.843425
3.970000 1.269530 0.000000 0.000000 0.000000 0.840784 1.315360 0.840784
3.980000 1.268173 0.000000 0.000000 0.000000 0.831537 1.313038 0.831537
3.990000 1.254775 0.000000 0.000000 0.000000 0.837402 1.304016 0.837402
4.000000 1.226402 0.000000 0.000000 0.000000 0.854194 1.292511 0.854194
4.010000 1.202871 0.000000 0.000000 0.000000 0.869036 1.281159 0.869036
4.020000 1.186330 0.000000 0.000000 0.000000 0.870784 1.263326 0.870784
4.030000 1.162540 0.000000 0.000000 0.000000 0.866454 1.247020 0.866454
4.040000 1.146883 0.000000 0.000000 0.000000 0.868110 1.238470 0.868110
4.050000 1.151464 0.000000 0.000000 0.000000 0.885781 1.225002 0.885781
4.060000 1.150499 0.000000 0.000000 0.000000 0.897314 1.201576 0.897314
4.070000 1.131026 0.000000 0.000000 0.000000 0.896940 1.182804 0.896940
4.080000 1.109412 0.000000 0.000000 0.000000 0.912893 1.166859 0.912893
4.090000 1.092128 0.000000 0.000000 0.000000 0.911363 1.140302 0.911363
4.100000 1.081615 0.000000 0.000000 0.000000 0.904242 1.121040 0.904242
4.110000 1.068208 0.000000 0.000000 0.000000 0.926821 1.114278 0.926821
4.120000 1.042442 0.000000 0.000000 0.000000 0.949080 1.101634 0.949080
4.130000 1.022692 0.000000 0.000000 0.000000 0.944614 1.084448 0.944614
4.140000 1.022826 0.000000 0.000000 0.000000 0.930972 1.080291 0.930972
4.150000 1.019262 0.000000 0.000000 0.000000 0.922652 1.087618 0.922652
4.160000 1.013116 0.000000 0.000000 0.000000 0.912602 1.099649 0.912602
4.170000 1.006682 0.000000 0.000000 0.000000 0.899356 1.109696 0.899356
4.180000 0.991754 0.000000 0.000000 0.000000 0.886463 1.108669 0.886463
4.190000 0.983126 0.000000 0.000000 0.000000 0.899312 1.108444 0.899312
4.200000 0.976882 0.000000 0.000000 0.000000 0.924203 1.120253 0.924203
4.210000 0.959336 0.000000 0.000000 0.000000 0.920089 1.131582 0.920089
4.220000 0.945048 0.000000 0.000000 0.000000 0.918354 1.133988 0.918354
4.230000 0.943787 0.000000 0.000000 0.000000 0.938829 1.141515 0.938829
4.240000 0.935643 0.000000 0.000000 0.000000 0.962057 1.158485 0.962057
4.250000 0.920110 0.000000 0.000000 0.000000 0.974346 1.174638 0.974346
4.260000 0.907964 0.000000 0.000000 0.000000 0.967570 1.188131 0.967570
4.270000 0.904632 0.000006 0.000000 0.000000 0.944585 1.199144 0.944585
4.280000 0.904359 0.000075 0.000000 0.000000 0.924239 1.205390 0.924239
4.290000 0.898052 0.000337 0.000000 0.000000 0.919429 1.212154 0.919429
4.300000 0.888753 0.000557 0.000000 0.000000 0.918860 1.215800 0.918860
4.310000 0.875519 0.000350 0.000000 0.000000 0.924753 1.213844 0.924753
4.320000 0.854040 0.000241 0.000000 0.000000 0.931658 1.222644 0.931658
4.330000 0.846041 0.000895 0.000000 0.000000 0.937426 1.230809 0.937426
4.340000 0.846463 0.002155 0.000000 0.000000 0.937655 1.220659 0.937655
4.350000 0.834959 0.002639 0.000000 0.000000 0.926389 1.204530 0.926389
4.360000 0.816906 0.001897 0.000000 0.000000 0.921017 1.193297 0.921017
4.370000 0.807308 0.001573 0.000000 0.000000 0.934106 1.183712 0.934106
4.380000 0.805175 0.002156 0.000000 0.000000 0.938124 1.179308 0.938124
4.390000 0.801232 0.003222 0.000000 0.000000 0.932944 1.184725 0.932944
4.400000 0.794074 0.004964 0.000000 0.000000 0.939490 1.185614 0.939490
4.410000 0.789923 0.005835 0.000000 0.000000 0.949791 1.175807 0.949791
4.420000 0.779934 0.007732 0.000000 0.000000 0.955356 1.163266 0.955356
4.430000 0.766809 0.012706 0.000000 0.000000 0.952115 1.150462 0.952115
4.440000 0.762959 0.017310 0.000000 0.000000 0.934356 1.138243 0.934356
4.450000 0.764746 0.021915 0.000000 0.000000 0.910895 1.125603 0.910895
4.460000 0.759296 0.030051 0.000000 0.000000 0.906101 1.114012 0.906101
4.470000 0.750001 0.037595 0.000000 0.000000 0.906660 1.101942 0.906660
4.480000 0.745097 0.042468 0.000000 0.000000 0.894592 1.086131 0.894592
4.490000 0.741603 0.042429 0.000000 0.000000 0.883530 1.073465 0.883530
4.500000 0.739307 0.042850 0.000000 0.000000 0.872755 1.063520 0.872755
4.510000 0.737407 0.052140 0.000000 0.000000 0.856190 1.056756 0.856190
4.520000 0.736793 0.062918 0.000000 0.000000 0.847036 1.053325 0.847036
4.530000 0.745821 0.065942 0.000000 0.000000 0.849003 1.042457 0.849003
4.540000 0.757436 0.069655 0.000000 0.000000 0.847355 1.021914 0.847355
4.550000 0.764356 0.079678 0.000000 0.000000 0.846364 1.004982 0.846364
4.560000 0.775219 0.091786 0.000000 0.000000 0.855789 0.990097 0.855789
4.570000 0.788595 0.111446 0.000000 0.000000 0.870841 0.980990 0.870841
4.580000 0.807021 0.132516 0.000000 0.000000 0.873182 0.979739 0.873182
4.590000 0.839111 0.152306 0.000000 0.000000 0.854980 0.973603 0.854980
4.600000 0.882171 0.175596 0.000000 0.000000 0.841970 0.966819 0.841970
4.610000 0.945537 0.196090 0.000000 0.000000 0.852187 0.961438 0.852187
4.620000 1.047570 0.210491 0.000000 0.000000 0.867826 0.953816 0.867826
4.630000 1.180784 0.227639 0.000000 0.000000 0.861976 0.947963 0.861976
4.640000 1.331757 0.254457 0.000000 0.000000 0.846306 0.949884 0.846306
4.650000 1.485584 0.284970 0.000000 0.000000 0.831618 0.957325 0.831618
4.660000 1.626907 0.312803 0.000000 0.000000 0.826922 0.961320 0.826922
4.670000 1.750178 0.334257 0.000000 0.000000 0.824269 0.965895 0.824269
4.680000 1.844899 0.355700 0.000000 0.000000 0.806141 0.968582 0.806141
4.690000 1.887475 0.388145 0.000000 0.000000 0.785252 0.967421 0.785252
4.700000 1.863110 0.419714 0.000000 0.000000 0.784049 0.963763 0.784049
4.710000 1.782536 0.446878 0.000000 0.000000 0.797282 0.959690 0.797282
4.720000 1.678003 0.470413 0.000000 0.000000 0.797985 0.962148 0.797985
4.730000 1.560630 0.500026 0.000000 0.000000 0.773345 0.973959 0.773345
4.740000 1.436725 0.539079 0.000000 0.000000 0.755721 0.987920 0.755721
4.750000 1.321420 0.569929 0.000000 0.000000 0.762140 0.997179 0.762140
4.760000 1.208133 0.593363 0.000000 0.000000 0.775897 1.006944 0.775897
4.770000 1.103408 0.607836 0.000000 0.000000 0.785988 1.019554 0.785988
4.780000 1.012726 0.599587 0.000000 0.000000 0.792432 1.028181 0.792432
4.790000 0.934496 0.586440 0.000000 0.000000 0.788695 1.030263 0.788695
4.800000 0.867303 0.584739 0.000000 0.000000 0.766240 1.032440 0.766240
4.810000 0.809631 0.578671 0.000000 0.000000 0.748214 1.038950 0.748214
4.820000 0.753760 0.567005 0.000000 0.000000 0.743746 1.051697 0.743746
4.830000 0.706281 0.551617 0.000000 0.000000 0.735154 1.062881 0.735154
4.840000 0.671631 0.539337 0.000000 0.000000 0.721381 1.068531 0.721381
4.850000 0.645601 0.518627 0.000000 0.000000 0.713517 1.070109 0.713517
4.860000 0.630463 0.492836 0.000000 0.000000 0.710807 1.071173 0.710807
4.870000 0.613364 0.467587 0.000000 0.000000 0.699877 1.073227 0.699877
4.880000 0.592689 0.443304 0.000000 0.000000 0.687125 1.072847 0.687125
4.890000 0.580957 0.425338 0.000000 0.000000 0.686510 1.069085 0.686510
4.900000 0.576087 0.412422 0.000000 0.000000 0.678162 1.067603 0.678162
4.910000 0.568676 0.399216 0.000000 0.000000 0.669100 1.065222 0.669100
4.920000 0.560603 0.387893 0.000000 0.000000 0.664423 1.054439 0.664423
4.930000 0.557617 0.374970 0.000000 0.000000 0.648750 1.035519 0.648750
4.940000 0.560326 0.364089 0.000000 0.000000 0.628879 1.012987 0.628879
4.950000 0.565600 0.350626 0.000000 0.000000 0.611170 0.989075 0.611170
4.960000 0.563729 0.333929 0.000000 0.000000 0.599255 0.965605 0.599255
4.970000 0.551619 0.334031 0.000000 0.000000 0.579593 0.938618 0.579593
4.980000 0.509426 0.326368 0.000000 0.000000 0.527868 0.867950 0.527868
4.990000 0.371773 0.240546 0.000000 0.000000 0.378515 0.634373 0.378515
5.000000 0.158409 0.100713 0.000000 0.000000 0.158771 0.270187 0.158771
