r 24g 48h
0.01 0.0 0.0012400947432383833
0.02 0.0012448649321548612 0.006200473716191917
0.03 0.012448649321548613 0.01364104217562222
0.04 0.016183244118013192 0.028522179094482812
0.05 0.009958919457238887 0.05208397921601209
0.06 0.029876758371716685 0.06820521087811113
0.07 0.04108054276111039 0.11408871637793118
0.08 0.04854973235403961 0.13020994804003033
0.09 0.056018921946968774 0.17609345353985054
0.1 0.05975351674343328 0.20461563263433308
0.11 0.08963027511515005 0.20337553789109497
0.12 0.12199676335117647 0.27034065402596774
0.13 0.1319556828084152 0.33854586490407834
0.14 0.16183244118013182 0.3757487072012299
0.15 0.18050541516245522 0.4365133496199118
0.16 0.17926055023029985 0.4749562866603004
0.17 0.20042325407693248 0.5369610238222196
0.18 0.2215859579235657 0.6188072768759545
0.19 0.22407568778787484 0.6200473716191912
0.2 0.2863189343956178 0.6758516350649183
0.21 0.282584339599154 0.6770917298081586
0.22 0.34482758620689624 0.7824997829834192
0.23 0.35354164073198024 0.9176701099964029
0.24 0.3859081289680077 0.9300710574287894
0.25 0.3510519108676705 0.963553615496223
0.26 0.37594920951076777 1.0367192053472876
0.27 0.41702975227187816 1.0491201527796714
0.28 0.46184488982945304 1.1049244162253986
0.29 0.44815137557575213 1.1446074480090334
0.3 0.47429353915100164 1.1718895323602712
0.31 0.5315573260301253 1.1991716167115156
0.32 0.4705589443545371 1.2363744590086672
0.33 0.5054151624548732 1.3281414700083074
0.34 0.5850865181127842 1.3231810910353539
0.35000000000000003 0.5203535416407316 1.3020994804003014
0.36 0.5788621934520132 1.2462952169545811
0.37 0.5477405701481385 1.3727848807648892
0.38 0.5938005726378682 1.3665844070486972
0.39 0.6087389518237266 1.3889061124269881
0.4 0.5489854350802933 1.3839457334540346
0.41000000000000003 0.6560438192456113 1.3727848807648892
0.42 0.6224324660774335 1.4422301863862466
0.43 0.649819494584837 1.43354952318357
0.44 0.641105440059753 1.447190565359192
0.45 0.6373708452632884 1.3281414700083074
0.46 0.6124735466201912 1.4310693336970932
0.47000000000000003 0.6647578737706953 1.375265070251366
0.48 0.6535540893813052 1.4546311338186306
0.49 0.6610232789742307 1.469512270737483
0.5 0.6784513880243987 1.4174282915214709
0.51 0.7531432839536903 1.4037872493458488
0.52 0.6572886841777662 1.4025471546026105
0.53 0.6647578737706953 1.336822133210976
0.54 0.7157973359890446 1.3926263966567034
0.55 0.7369600398356771 1.2276937958059986
0.56 0.6660027387028501 1.3703046912784125
0.5700000000000001 0.7145524710568897 1.284738153994964
0.58 0.7518984190215439 1.2859782487382168
0.59 0.7406946346321418 1.2599362591301964
0.6 0.720776795717664 1.2524956906707663
0.61 0.649819494584837 1.2376145537519057
0.62 0.7095730113282702 1.161968774414364
0.63 0.7643470683430842 1.2140527536303762
0.64 0.7730611228681681 1.18057019556294
0.65 0.7543881488858453 1.1793301008197015
0.66 0.7867546371218715 1.1756098165899864
0.67 0.7182870658533542 1.092523468793015
0.68 0.800448151375575 0.9722342786988917
0.6900000000000001 0.7631022034109293 0.963553615496223
0.7000000000000001 0.694634632142412 0.9040290678207807
0.71 0.7344703099713756 0.8941083098748837
0.72 0.7606124735466195 0.7874601619563727
0.73 0.7743059878003229 0.7924205409293262
0.74 0.7668367982073938 0.7576978881186517
0.75 0.7867546371218715 0.7056139089026395
0.76 0.7618573384787745 0.7080940983891163
0.77 0.7979584215112653 0.6312082243083366
0.78 0.7929789617826458 0.6522898349433891
0.79 0.7792854475289424 0.6907327719837789
0.8 0.748163824225071 0.5865648135517548
0.81 0.7792854475289424 0.5419214027951731
0.8200000000000001 0.7718162579360133 0.4823968551197307
0.8300000000000001 0.7631022034109293 0.5220798869033589
0.84 0.7270011203784463 0.5121591289574576
0.85 0.7680816631395486 0.4910775183223994
0.86 0.7581227436823098 0.4823968551197307
0.87 0.7979584215112653 0.4712360024305852
0.88 0.8116519357649687 0.47743647614677714
0.89 0.791734096850491 0.4910775183223994
0.9 0.7083281463961154 0.4365133496199106
0.91 0.7294908502427481 0.44147372859286416
0.92 0.7058384165318057 0.4439539180793409
0.93 0.7668367982073938 0.39062984412009044
0.9400000000000001 0.7693265280717035 0.40303079155247423
0.9500000000000001 0.7157973359890446 0.41915202321457323
0.96 0.7357151749035304 0.3794689914309492
0.97 0.7008589568031862 0.4203921179578116
0.98 0.7631022034109293 0.4290727811604803
0.99 0.7344703099713674 0.37698880194446827
1.0 0.7518984190215355 0.3596274755391309
1.01 0.6747167932279341 0.3645878545120844
1.02 0.694634632142412 0.40303079155247423
1.03 0.6884103074816376 0.4042708862957126
1.04 0.6871654425494828 0.3869095598903753
1.05 0.7382049047678321 0.40055060206599746
1.06 0.6684924685671598 0.3993105073227591
1.07 0.7245113905141286 0.39311003360656716
1.08 0.6821859828208633 0.3509468123364622
1.09 0.6796962529565536 0.3645878545120844
1.1 0.6684924685671598 0.39062984412009044
1.11 0.6373708452632884 0.3521869070797006
1.12 0.6647578737706953 0.40179069680923585
1.1300000000000001 0.6635130088385404 0.3980704125795207
1.1400000000000001 0.6336362504668238 0.3968303178362823
1.1500000000000001 0.6261670608738946 0.4154317389848581
1.16 0.5676584090626289 0.3943501283498143
1.17 0.6373708452632884 0.42535249693076516
1.18 0.6311465206025141 0.3645878545120844
1.19 0.6062492219594169 0.39435012834980554
1.2 0.6211876011452752 0.39435012834980554
1.21 0.6087389518237266 0.4042708862957126
1.22 0.5825967882484745 0.39062984412009044
1.23 0.552720029876758 0.3757487072012299
1.24 0.577617328519855 0.4228723074442884
1.25 0.5850865181127842 0.3670680439985612
1.26 0.5552097597410677 0.4129515494983813
1.27 0.534047055894435 0.4315529706469571
1.28 0.5166189468442669 0.42411240218752677
1.29 0.5054151624548732 0.39435012834980554
1.3 0.5552097597410677 0.4141916442416197
1.31 0.49670110792978917 0.38070908617418336
1.32 0.5303124610979704 0.3745086124579915
1.33 0.5265778663015058 0.37698880194446827
1.34 0.5004357027262537 0.3683081387417996
1.35 0.49047678326901484 0.3162241595257875
1.36 0.5228432715050413 0.30754349632311884
1.37 0.5091497572513378 0.25545951710710674
1.3800000000000001 0.5166189468442669 0.2926623594042582
1.3900000000000001 0.48549732354039543 0.2256972432693856
1.4000000000000001 0.45437570023652396 0.23809819070176938
1.41 0.5128843520478138 0.19469487468843036
1.42 0.47429353915100164 0.21701658006671692
1.43 0.4705589443545371 0.17981373776956544
1.44 0.4593551599651433 0.18725430622899575
1.45 0.4444167807792851 0.14509108495889073
1.46 0.4406821859828205 0.13517032701298368
1.47 0.44939624050790455 0.11036843214821604
1.48 0.48425245860824057 0.14385099021565234
1.49 0.4755384040831565 0.09424720048611707
1.5 0.4469065106435948 0.08680663202668676
1.51 0.4556205651686788 0.06944530562134942
1.52 0.40209137308601983 0.07440568459430294
1.53 0.4431719158471302 0.04960378972953529
1.54 0.47802813394746624 0.06324483190515749
1.55 0.41454002240756843 0.038442937040389855
1.56 0.44566164571143996 0.04712360024305853
1.57 0.418274617204033 0.03472265281067471
1.58 0.43943732105066563 0.028522179094482795
1.59 0.44192705091497536 0.02604198960800603
1.6 0.4444167807792851 0.028522179094482795
1.61 0.4083156977467941 0.022321705378290882
1.62 0.418274617204033 0.018601421148575735
1.6300000000000001 0.4668243495580725 0.021081610635052497
1.6400000000000001 0.42325407693265243 0.009920757945907058
1.6500000000000001 0.36972488484999344 0.004960378972953529
1.6600000000000001 0.42574380679696217 0.014881136918860586
1.67 0.4282335366612814 0.004960378972953639
1.68 0.418274617204033 0.011160852689145441
1.69 0.4282335366612719 0.0012400947432383823
1.7 0.4531308353043691 0.008680663202668677
1.71 0.4730486742188468 0.0037202842297151466
1.72 0.43570272625420103 0.008680663202668677
1.73 0.4207643470683427 0.0037202842297151466
1.74 0.40333623801817464 0.0012400947432383823
1.75 0.43943732105066563 0.0037202842297151466
1.76 0.4058259678824844 0.0037202842297151466
1.77 0.39835677828955524 0.0
1.78 0.40209137308601983 0.0012400947432383823
1.79 0.3510519108676705 0.0012400947432383823
1.8 0.36101083032490944 0.0024801894864767645
1.81 0.293788123988547 0.0
1.82 0.33735839661396705 0.0
1.83 0.3062367733100956 0.0012400947432383823
1.84 0.28382920453130805 0.0
1.85 0.2900535291920824 0.0
1.86 0.23527947217726855 0.0012400947432383823
1.87 0.2514627162952817 0.0037202842297151466
1.8800000000000001 0.21785136312710052 0.0
1.8900000000000001 0.18548487489107415 0.0
1.9000000000000001 0.17428109050168042 0.0012400947432383823
1.9100000000000001 0.18050541516245472 0.0
1.92 0.15560811651936096 0.0
1.93 0.10954811402962769 0.0
1.94 0.12075189841902143 0.0
1.95 0.09709946470807908 0.0012400947432383823
1.96 0.09212000497945964 0.0
1.97 0.08589568031868534 0.0
1.98 0.07344703099713674 0.0
1.99 0.05352919208265899 0.0
2.0 0.05601892194696871 0.0
