r Li-Li S_4c-Li S_4a-Li I_4c-Li I_4a-Li Li-S Li-I
0.000000 0.000000 0.000000 0.000000 0.000000 0.000000 0.000000 0.000000
0.010000 0.000000 0.000000 0.000000 0.000000 0.000000 0.000000 0.000000
0.020000 0.000000 0.000000 0.000000 0.000000 0.000000 0.000000 0.000000
0.030000 0.000000 0.000000 0.000000 0.000000 0.000000 0.000000 0.000000
0.040000 0.000000 0.000000 0.000000 0.000000 0.000000 0.000000 0.000000
0.050000 0.000000 0.000000 0.000000 0.000000 0.000000 0.000000 0.000000
0.060000 0.000000 0.000000 0.000000 0.000000 0.000000 0.000000 0.000000
0.070000 0.000000 0.000000 0.000000 0.000000 0.000000 0.000000 0.000000
0.080000 0.000000 0.000000 0.000000 0.000000 0.000000 0.000000 0.000000
0.090000 0.000000 0.000000 0.000000 0.000000 0.000000 0.000000 0.000000
0.100000 0.000000 0.000000 0.000000 0.000000 0.000000 0.000000 0.000000
0.110000 0.000000 0.000000 0.000000 0.000000 0.000000 0.000000 0.000000
0.120000 0.000000 0.000000 0.000000 0.000000 0.000000 0.000000 0.000000
0.130000 0.000000 0.000000 0.000000 0.000000 0.000000 0.000000 0.000000
0.140000 0.000000 0.000000 0.000000 0.000000 0.000000 0.000000 0.000000
0.150000 0.000000 0.000000 0.000000 0.000000 0.000000 0.000000 0.000000
0.160000 0.000000 0.000000 0.000000 0.000000 0.000000 0.000000 0.000000
0.170000 0.000000 0.000000 0.000000 0.000000 0.000000 0.000000 0.000000
0.180000 0.000000 0.000000 0.000000 0.000000 0.000000 0.000000 0.000000
0.190000 0.000000 0.000000 0.000000 0.000000 0.000000 0.000000 0.000000
0.200000 0.000000 0.000000 0.000000 0.000000 0.000000 0.000000 0.000000
0.210000 0.000000 0.000000 0.000000 0.000000 0.000000 0.000000 0.000000
0.220000 0.000000 0.000000 0.000000 0.000000 0.000000 0.000000 0.000000
0.230000 0.000000 0.000000 0.000000 0.000000 0.000000 0.000000 0.000000
0.240000 0.000000 0.000000 0.000000 0.000000 0.000000 0.000000 0.000000
0.250000 0.000000 0.000000 0.000000 0.000000 0.000000 0.000000 0.000000
0.260000 0.000000 0.000000 0.000000 0.000000 0.000000 0.000000 0.000000
0.270000 0.000000 0.000000 0.000000 0.000000 0.000000 0.000000 0.000000
0.280000 0.000000 0.000000 0.000000 0.000000 0.000000 0.000000 0.000000
0.290000 0.000000 0.000000 0.000000 0.000000 0.000000 0.000000 0.000000
0.300000 0.000000 0.000000 0.000000 0.000000 0.000000 0.000000 0.000000
0.310000 0.000000 0.000000 0.000000 0.000000 0.000000 0.000000 0.000000
0.320000 0.000000 0.000000 0.000000 0.000000 0.000000 0.000000 0.000000
0.330000 0.000000 0.000000 0.000000 0.000000 0.000000 0.000000 0.000000
0.340000 0.000000 0.000000 0.000000 0.000000 0.000000 0.000000 0.000000
0.350000 0.000000 0.000000 0.000000 0.000000 0.000000 0.000000 0.000000
0.360000 0.000000 0.000000 0.000000 0.000000 0.000000 0.000000 0.000000
0.370000 0.000000 0.000000 0.000000 0.000000 0.000000 0.000000 0.000000
0.380000 0.000000 0.000000 0.000000 0.000000 0.000000 0.000000 0.000000
0.390000 0.000000 0.000000 0.000000 0.000000 0.000000 0.000000 0.000000
0.400000 0.000000 0.000000 0.000000 0.000000 0.000000 0.000000 0.000000
0.410000 0.000000 0.000000 0.000000 0.000000 0.000000 0.000000 0.000000
0.420000 0.000000 0.000000 0.000000 0.000000 0.000000 0.000000 0.000000
0.430000 0.000000 0.000000 0.000000 0.000000 0.000000 0.000000 0.000000
0.440000 0.000000 0.000000 0.000000 0.000000 0.000000 0.000000 0.000000
0.450000 0.000000 0.000000 0.000000 0.000000 0.000000 0.000000 0.000000
0.460000 0.000000 0.000000 0.000000 0.000000 0.000000 0.000000 0.000000
0.470000 0.000000 0.000000 0.000000 0.000000 0.000000 0.000000 0.000000
0.480000 0.000000 0.000000 0.000000 0.000000 0.000000 0.000000 0.000000
0.490000 0.000000 0.000000 0.000000 0.000000 0.000000 0.000000 0.000000
0.500000 0.000000 0.000000 0.000000 0.000000 0.000000 0.000000 0.000000
0.510000 0.000000 0.000000 0.000000 0.000000 0.000000 0.000000 0.000000
0.520000 0.000000 0.000000 0.000000 0.000000 0.000000 0.000000 0.000000
0.530000 0.000000 0.000000 0.000000 0.000000 0.000000 0.000000 0.000000
0.540000 0.000000 0.000000 0.000000 0.000000 0.000000 0.000000 0.000000
0.550000 0.000000 0.000000 0.000000 0.000000 0.000000 0.000000 0.000000
0.560000 0.000000 0.000000 0.000000 0.000000 0.000000 0.000000 0.000000
0.570000 0.000000 0.000000 0.000000 0.000000 0.000000 0.000000 0.000000
0.580000 0.000000 0.000000 0.000000 0.000000 0.000000 0.000000 0.000000
0.590000 0.000000 0.000000 0.000000 0.000000 0.000000 0.000000 0.000000
0.600000 0.000000 0.000000 0.000000 0.000000 0.000000 0.000000 0.000000
0.610000 0.000000 0.000000 0.000000 0.000000 0.000000 0.000000 0.000000
0.620000 0.000000 0.000000 0.000000 0.000000 0.000000 0.000000 0.000000
0.630000 0.000000 0.000000 0.000000 0.000000 0.000000 0.000000 0.000000
0.640000 0.000000 0.000000 0.000000 0.000000 0.000000 0.000000 0.000000
0.650000 0.000000 0.000000 0.000000 0.000000 0.000000 0.000000 0.000000
0.660000 0.000000 0.000000 0.000000 0.000000 0.000000 0.000000 0.000000
0.670000 0.000000 0.000000 0.000000 0.000000 0.000000 0.000000 0.000000
0.680000 0.000000 0.000000 0.000000 0.000000 0.000000 0.000000 0.000000
0.690000 0.000000 0.000000 0.000000 0.000000 0.000000 0.000000 0.000000
0.700000 0.000000 0.000000 0.000000 0.000000 0.000000 0.000000 0.000000
0.710000 0.000000 0.000000 0.000000 0.000000 0.000000 0.000000 0.000000
0.720000 0.000000 0.000000 0.000000 0.000000 0.000000 0.000000 0.000000
0.730000 0.000000 0.000000 0.000000 0.000000 0.000000 0.000000 0.000000
0.740000 0.000000 0.000000 0.000000 0.000000 0.000000 0.000000 0.000000
0.750000 0.000000 0.000000 0.000000 0.000000 0.000000 0.000000 0.000000
0.760000 0.000000 0.000000 0.000000 0.000000 0.000000 0.000000 0.000000
0.770000 0.000000 0.000000 0.000000 0.000000 0.000000 0.000000 0.000000
0.780000 0.000000 0.000000 0.000000 0.000000 0.000000 0.000000 0.000000
0.790000 0.000000 0.000000 0.000000 0.000000 0.000000 0.000000 0.000000
0.800000 0.000000 0.000000 0.000000 0.000000 0.000000 0.000000 0.000000
0.810000 0.000000 0.000000 0.000000 0.000000 0.000000 0.000000 0.000000
0.820000 0.000000 0.000000 0.000000 0.000000 0.000000 0.000000 0.000000
0.830000 0.000000 0.000000 0.000000 0.000000 0.000000 0.000000 0.000000
0.840000 0.000000 0.000000 0.000000 0.000000 0.000000 0.000000 0.000000
0.850000 0.000000 0.000000 0.000000 0.000000 0.000000 0.000000 0.000000
0.860000 0.000000 0.000000 0.000000 0.000000 0.000000 0.000000 0.000000
0.870000 0.000000 0.000000 0.000000 0.000000 0.000000 0.000000 0.000000
0.880000 0.000000 0.000000 0.000000 0.000000 0.000000 0.000000 0.000000
0.890000 0.000000 0.000000 0.000000 0.000000 0.000000 0.000000 0.000000
0.900000 0.000000 0.000000 0.000000 0.000000 0.000000 0.000000 0.000000
0.910000 0.000000 0.000000 0.000000 0.000000 0.000000 0.000000 0.000000
0.920000 0.000000 0.000000 0.000000 0.000000 0.000000 0.000000 0.000000
0.930000 0.000000 0.000000 0.000000 0.000000 0.000000 0.000000 0.000000
0.940000 0.000000 0.000000 0.000000 0.000000 0.000000 0.000000 0.000000
0.950000 0.000000 0.000000 0.000000 0.000000 0.000000 0.000000 0.000000
0.960000 0.000000 0.000000 0.000000 0.000000 0.000000 0.000000 0.000000
0.970000 0.000000 0.000000 0.000000 0.000000 0.000000 0.000000 0.000000
0.980000 0.000000 0.000000 0.000000 0.000000 0.000000 0.000000 0.000000
0.990000 0.000000 0.000000 0.000000 0.000000 0.000000 0.000000 0.000000
1.000000 0.000000 0.000000 0.000000 0.000000 0.000000 0.000000 0.000000
1.010000 0.000000 0.000000 0.000000 0.000000 0.000000 0.000000 0.000000
1.020000 0.000000 0.000000 0.000000 0.000000 0.000000 0.000000 0.000000
1.030000 0.000000 0.000000 0.000000 0.000000 0.000000 0.000000 0.000000
1.040000 0.000000 0.000000 0.000000 0.000000 0.000000 0.000000 0.000000
1.050000 0.000000 0.000000 0.000000 0.000000 0.000000 0.000000 0.000000
1.060000 0.000000 0.000000 0.000000 0.000000 0.000000 0.000000 0.000000
1.070000 0.000000 0.000000 0.000000 0.000000 0.000000 0.000000 0.000000
1.080000 0.000000 0.000000 0.000000 0.000000 0.000000 0.000000 0.000000
1.090000 0.000000 0.000000 0.000000 0.000000 0.000000 0.000000 0.000000
1.100000 0.000000 0.000000 0.000000 0.000000 0.000000 0.000000 0.000000
1.110000 0.000000 0.000000 0.000000 0.000000 0.000000 0.000000 0.000000
1.120000 0.000000 0.000000 0.000000 0.000000 0.000000 0.000000 0.000000
1.130000 0.000000 0.000000 0.000000 0.000000 0.000000 0.000000 0.000000
1.140000 0.000000 0.000000 0.000000 0.000000 0.000000 0.000000 0.000000
1.150000 0.000000 0.000000 0.000000 0.000000 0.000000 0.000000 0.000000
1.160000 0.000000 0.000000 0.000000 0.000000 0.000000 0.000000 0.000000
1.170000 0.000000 0.000000 0.000000 0.000000 0.000000 0.000000 0.000000
1.180000 0.000000 0.000000 0.000000 0.000000 0.000000 0.000000 0.000000
1.190000 0.000000 0.000000 0.000000 0.000000 0.000000 0.000000 0.000000
1.200000 0.000000 0.000000 0.000000 0.000000 0.000000 0.000000 0.000000
1.210000 0.000000 0.000000 0.000000 0.000000 0.000000 0.000000 0.000000
1.220000 0.000000 0.000000 0.000000 0.000000 0.000000 0.000000 0.000000
1.230000 0.000000 0.000000 0.000000 0.000000 0.000000 0.000000 0.000000
1.240000 0.000000 0.000000 0.000000 0.000000 0.000000 0.000000 0.000000
1.250000 0.000000 0.000000 0.000000 0.000000 0.000000 0.000000 0.000000
1.260000 0.000000 0.000000 0.000000 0.000000 0.000000 0.000000 0.000000
1.270000 0.000000 0.000000 0.000000 0.000000 0.000000 0.000000 0.000000
1.280000 0.000000 0.000000 0.000000 0.000000 0.000000 0.000000 0.000000
1.290000 0.000000 0.000000 0.000000 0.000000 0.000000 0.000000 0.000000
1.300000 0.000000 0.000000 0.000000 0.000000 0.000000 0.000000 0.000000
1.310000 0.000000 0.000000 0.000000 0.000000 0.000000 0.000000 0.000000
1.320000 0.000000 0.000000 0.000000 0.000000 0.000000 0.000000 0.000000
1.330000 0.000000 0.000000 0.000000 0.000000 0.000000 0.000000 0.000000
1.340000 0.000000 0.000000 0.000000 0.000000 0.000000 0.000000 0.000000
1.350000 0.000000 0.000000 0.000000 0.000000 0.000000 0.000000 0.000000
1.360000 0.000000 0.000000 0.000000 0.000000 0.000000 0.000000 0.000000
1.370000 0.000000 0.000000 0.000000 0.000000 0.000000 0.000000 0.000000
1.380000 0.000000 0.000000 0.000000 0.000000 0.000000 0.000000 0.000000
1.390000 0.000000 0.000000 0.000000 0.000000 0.000000 0.000000 0.000000
1.400000 0.000000 0.000000 0.000000 0.000000 0.000000 0.000000 0.000000
1.410000 0.000000 0.000000 0.000000 0.000000 0.000000 0.000000 0.000000
1.420000 0.000000 0.000000 0.000000 0.000000 0.000000 0.000000 0.000000
1.430000 0.000000 0.000000 0.000000 0.000000 0.000000 0.000000 0.000000
1.440000 0.000000 0.000000 0.000000 0.000000 0.000000 0.000000 0.000000
1.450000 0.000000 0.000000 0.000000 0.000000 0.000000 0.000000 0.000000
1.460000 0.000000 0.000000 0.000000 0.000000 0.000000 0.000000 0.000000
1.470000 0.000000 0.000000 0.000000 0.000000 0.000000 0.000000 0.000000
1.480000 0.000000 0.000000 0.000000 0.000000 0.000000 0.000000 0.000000
1.490000 0.000000 0.000000 0.000000 0.000000 0.000000 0.000000 0.000000
1.500000 0.000000 0.000000 0.000000 0.000000 0.000000 0.000000 0.000000
1.510000 0.000000 0.000000 0.000000 0.000000 0.000000 0.000000 0.000000
1.520000 0.000000 0.000000 0.000000 0.000000 0.000000 0.000000 0.000000
1.530000 0.000000 0.000000 0.000000 0.000000 0.000000 0.000000 0.000000
1.540000 0.000000 0.000000 0.000000 0.000000 0.000000 0.000000 0.000000
1.550000 0.000000 0.000000 0.000000 0.000000 0.000000 0.000000 0.000000
1.560000 0.000000 0.000000 0.000000 0.000000 0.000000 0.000000 0.000000
1.570000 0.000000 0.000000 0.000000 0.000000 0.000000 0.000000 0.000000
1.580000 0.000000 0.000000 0.000000 0.000000 0.000000 0.000000 0.000000
1.590000 0.000000 0.000000 0.000000 0.000000 0.000000 0.000000 0.000000
1.600000 0.000000 0.000000 0.000000 0.000000 0.000000 0.000000 0.000000
1.610000 0.000000 0.000000 0.000000 0.000000 0.000000 0.000000 0.000000
1.620000 0.000000 0.000000 0.000000 0.000000 0.000000 0.000000 0.000000
1.630000 0.000000 0.000000 0.000000 0.000000 0.000000 0.000000 0.000000
1.640000 0.000000 0.000000 0.000000 0.000000 0.000000 0.000000 0.000000
1.650000 0.000000 0.000000 0.000000 0.000000 0.000000 0.000000 0.000000
1.660000 0.000000 0.000000 0.000000 0.000000 0.000000 0.000000 0.000000
1.670000 0.000000 0.000000 0.000000 0.000000 0.000000 0.000000 0.000000
1.680000 0.000000 0.000000 0.000000 0.000000 0.000000 0.000000 0.000000
1.690000 0.000000 0.000000 0.000000 0.000000 0.000000 0.000000 0.000000
1.700000 0.000000 0.000000 0.000000 0.000000 0.000000 0.000000 0.000000
1.710000 0.000000 0.000000 0.000000 0.000000 0.000000 0.000000 0.000000
1.720000 0.000000 0.000000 0.000000 0.000000 0.000000 0.000000 0.000000
1.730000 0.000000 0.000000 0.000000 0.000000 0.000000 0.000000 0.000000
1.740000 0.000000 0.000000 0.000000 0.000000 0.000000 0.000000 0.000000
1.750000 0.000000 0.000000 0.000000 0.000000 0.000000 0.000000 0.000000
1.760000 0.000000 0.000000 0.000000 0.000000 0.000000 0.000000 0.000000
1.770000 0.000000 0.000000 0.000000 0.000000 0.000000 0.000000 0.000000
1.780000 0.000000 0.000000 0.000000 0.000000 0.000000 0.000000 0.000000
1.790000 0.000000 0.000000 0.000000 0.000000 0.000000 0.000000 0.000000
1.800000 0.000000 0.000000 0.000000 0.000000 0.000000 0.000000 0.000000
1.810000 0.000000 0.000000 0.000000 0.000000 0.000000 0.000000 0.000000
1.820000 0.000000 0.000000 0.000000 0.000000 0.000000 0.000000 0.000000
1.830000 0.000000 0.000000 0.000000 0.000000 0.000000 0.000000 0.000000
1.840000 0.000000 0.000000 0.000000 0.000000 0.000000 0.000000 0.000000
1.850000 0.000000 0.000000 0.000000 0.000000 0.000000 0.000000 0.000000
1.860000 0.000000 0.000000 0.000000 0.000000 0.000000 0.000000 0.000000
1.870000 0.000000 0.000000 0.000000 0.000000 0.000000 0.000000 0.000000
1.880000 0.000000 0.000000 0.000000 0.000000 0.000000 0.000000 0.000000
1.890000 0.000000 0.000000 0.000000 0.000000 0.000000 0.000000 0.000000
1.900000 0.000000 0.000000 0.000000 0.000000 0.000000 0.000000 0.000000
1.910000 0.000000 0.000000 0.000000 0.000000 0.000000 0.000000 0.000000
1.920000 0.000000 0.000000 0.000000 0.000000 0.000000 0.000000 0.000000
1.930000 0.000000 0.000000 0.000000 0.000000 0.000000 0.000000 0.000000
1.940000 0.000000 0.000000 0.000000 0.000000 0.000000 0.000000 0.000000
1.950000 0.000000 0.000000 0.000000 0.000000 0.000000 0.000000 0.000000
1.960000 0.000000 0.000000 0.000000 0.000000 0.000000 0.000000 0.000000
1.970000 0.000000 0.000000 0.000000 0.000000 0.000000 0.000000 0.000000
1.980000 0.000000 0.000000 0.000000 0.000000 0.000000 0.000000 0.000000
1.990000 0.000000 0.000000 0.000000 0.000000 0.000000 0.000000 0.000000
2.000000 0.000000 0.000000 0.000000 0.000000 0.000000 0.000000 0.000000
2.010000 0.000000 0.000000 0.000000 0.000000 0.000000 0.000000 0.000000
2.020000 0.000000 0.000000 0.000000 0.000000 0.000000 0.000000 0.000000
2.030000 0.000000 0.000000 0.000000 0.000000 0.000000 0.000000 0.000000
2.040000 0.000000 0.000000 0.000000 0.000000 0.000000 0.000000 0.000000
2.050000 0.000000 0.000000 0.000000 0.000000 0.000000 0.000000 0.000000
2.060000 0.000000 0.000000 0.000000 0.000000 0.000000 0.000000 0.000000
2.070000 0.000000 0.000000 0.000000 0.000000 0.000000 0.000000 0.000000
2.080000 0.000000 0.000000 0.000000 0.000000 0.000000 0.000000 0.000000
2.090000 0.000000 0.000000 0.000000 0.000000 0.000000 0.000000 0.000000
2.100000 0.000000 0.000000 0.000000 0.000000 0.000000 0.000000 0.000000
2.110000 0.000000 0.000000 0.000000 0.000000 0.000000 0.000000 0.000000
2.120000 0.000000 0.000000 0.000000 0.000000 0.000000 0.000000 0.000000
2.130000 0.000000 0.000000 0.000000 0.000000 0.000000 0.000000 0.000000
2.140000 0.000000 0.000000 0.000000 0.000000 0.000000 0.000000 0.000000
2.150000 0.000000 0.000000 0.000000 0.000000 0.000000 0.000000 0.000000
2.160000 0.000000 0.000000 0.000000 0.000000 0.000000 0.000000 0.000000
2.170000 0.000000 0.000000 0.000000 0.000000 0.000000 0.000000 0.000000
2.180000 0.000000 0.000000 0.000000 0.000000 0.000000 0.000000 0.000000
2.190000 0.000000 0.000000 0.000000 0.000000 0.000000 0.000000 0.000000
2.200000 0.000000 0.000000 0.000000 0.000000 0.000000 0.000000 0.000000
2.210000 0.000000 0.000000 0.000000 0.000000 0.000000 0.000000 0.000000
2.220000 0.000000 0.000000 0.000000 0.000000 0.000000 0.000000 0.000000
2.230000 0.000000 0.000000 0.000000 0.000000 0.000000 0.000000 0.000000
2.240000 0.000000 0.000000 0.000000 0.000000 0.000000 0.000000 0.000000
2.250000 0.000000 0.000000 0.000156 0.000000 0.000000 0.000026 0.000000
2.260000 0.000000 0.000000 0.000469 0.000000 0.000000 0.000078 0.000000
2.270000 0.000000 0.000000 0.004609 0.000000 0.000000 0.000768 0.000000
2.280000 0.000000 0.000000 0.018203 0.000000 0.000000 0.003034 0.000000
2.290000 0.000000 0.000000 0.054297 0.000000 0.000000 0.009049 0.000000
2.300000 0.000000 0.000000 0.152578 0.000000 0.000000 0.025430 0.000000
2.310000 0.000000 0.000000 0.328516 0.000000 0.000000 0.054753 0.000000
2.320000 0.000000 0.000000 0.566641 0.000000 0.000000 0.094440 0.000000
2.330000 0.000000 0.000000 0.893828 0.000000 0.000000 0.148971 0.000000
2.340000 0.000000 0.000000 1.351797 0.000000 0.000000 0.225365 0.000000
2.350000 0.000000 0.000000 1.936172 0.000000 0.000000 0.323177 0.000000
2.360000 0.000000 0.000000 2.655469 0.000000 0.000000 0.444180 0.000000
2.370000 0.000000 0.000000 3.481328 0.000000 0.000000 0.585742 0.000000
2.380000 0.000000 0.000000 4.339141 0.000000 0.000000 0.737630 0.000000
2.390000 0.000000 0.000000 5.110781 0.000000 0.000000 0.884427 0.000000
2.400000 0.000000 0.000000 5.623359 0.000000 0.000000 1.001875 0.000000
2.410000 0.000000 0.000000 5.877734 0.000000 0.000000 1.093138 0.000000
2.420000 0.000000 0.000000 5.967891 0.000000 0.000000 1.177148 0.000000
2.430000 0.000000 0.000000 5.992969 0.000000 0.000000 1.271784 0.000000
2.440000 0.000000 0.000000 5.997891 0.000000 0.000000 1.387969 0.000000
2.450000 0.000000 0.000000 5.999219 0.000000 0.000000 1.530964 0.000000
2.460000 0.000000 0.000000 5.999766 0.000000 0.000000 1.694596 0.000000
2.470000 0.000000 0.000000 5.999844 0.000000 0.000000 1.865898 0.000000
2.480000 0.000000 0.000000 5.999922 0.000000 0.000000 2.025026 0.000000
2.490000 0.000000 0.000000 6.000000 0.000000 0.000000 2.170859 0.000000
2.500000 0.000000 0.000000 6.000000 0.000000 0.000000 2.310391 0.000000
2.510000 0.000000 0.000000 6.000000 0.000000 0.000000 2.435286 0.000000
2.520000 0.000000 0.000000 6.000000 0.000000 0.000000 2.545885 0.000000
2.530000 0.000000 0.000000 6.000000 0.000000 0.000000 2.636810 0.000000
2.540000 0.000000 0.000000 6.000000 0.000000 0.000000 2.713529 0.000000
2.550000 0.000000 0.000000 6.000000 0.000000 0.000000 2.776276 0.000000
2.560000 0.000000 0.000000 6.000000 0.000000 0.000000 2.826484 0.000000
2.570000 0.000000 0.000000 6.000000 0.000000 0.000000 2.867161 0.000000
2.580000 0.000000 0.000000 6.000000 0.000000 0.000000 2.898047 0.000000
2.590000 0.000000 0.000000 6.000000 0.000000 0.000000 2.921497 0.000000
2.600000 0.000000 0.000000 6.000000 0.000000 0.000000 2.938438 0.000000
2.610000 0.000000 0.000000 6.000000 0.000000 0.000000 2.951068 0.000000
2.620000 0.000000 0.000000 6.000000 0.000000 0.000000 2.960169 0.000000
2.630000 0.000000 0.000000 6.000000 0.000000 0.000000 2.967370 0.000000
2.640000 0.000000 0.000000 6.000000 0.000000 0.000000 2.972813 0.000000
2.650000 0.000000 0.000000 6.000000 0.000000 0.000000 2.977318 0.000000
2.660000 0.000026 0.000000 6.000000 0.000000 0.000000 2.981094 0.000000
2.670000 0.000052 0.000000 6.000000 0.000000 0.000000 2.984349 0.000000
2.680000 0.000104 0.000000 6.000000 0.000391 0.000000 2.986641 0.000065
2.690000 0.000208 0.000000 6.000000 0.001094 0.000000 2.988828 0.000182
2.700000 0.000495 0.000000 6.000000 0.003047 0.000000 2.990664 0.000508
2.710000 0.000990 0.000000 6.000000 0.007031 0.000000 2.992227 0.001172
2.720000 0.001615 0.000000 6.000000 0.011406 0.000000 2.993607 0.001901
2.730000 0.002786 0.000000 6.000000 0.018750 0.000000 2.994766 0.003125
2.740000 0.004349 0.000000 6.000000 0.029766 0.000000 2.995938 0.004961
2.750000 0.006432 0.000000 6.000000 0.045859 0.000000 2.996823 0.007643
2.760000 0.010078 0.000000 6.000000 0.070859 0.000000 2.997565 0.011810
2.770000 0.015078 0.000000 6.000000 0.114688 0.000000 2.998229 0.019115
2.780000 0.020156 0.000000 6.000000 0.185781 0.000000 2.998997 0.030964
2.790000 0.025208 0.000000 6.000000 0.286719 0.000000 2.999570 0.047786
2.800000 0.030781 0.000000 6.000000 0.425313 0.000000 3.000130 0.070885
2.810000 0.036172 0.000000 6.000000 0.607031 0.000000 3.000794 0.101172
2.820000 0.041380 0.000000 6.000000 0.839375 0.000000 3.001289 0.139896
2.830000 0.046172 0.000000 6.000000 1.115312 0.000000 3.001654 0.185885
2.840000 0.051068 0.000000 6.000000 1.409531 0.000000 3.002031 0.234922
2.850000 0.056432 0.000000 6.000000 1.721406 0.000000 3.002422 0.286901
2.860000 0.062839 0.000000 6.000000 2.030547 0.000000 3.002891 0.338424
2.870000 0.069583 0.000000 6.000000 2.319766 0.000000 3.003294 0.386628
2.880000 0.077214 0.000000 6.000000 2.580391 0.000000 3.003672 0.430065
2.890000 0.087448 0.000000 6.000000 2.820469 0.000000 3.003971 0.470078
2.900000 0.098229 0.000000 6.000000 3.034297 0.000000 3.004232 0.505716
2.910000 0.108880 0.000000 6.000000 3.229219 0.000000 3.004570 0.538203
2.920000 0.119740 0.000000 6.000000 3.405859 0.000000 3.004805 0.567643
2.930000 0.132005 0.000000 6.000000 3.573203 0.000000 3.005130 0.595534
2.940000 0.144818 0.000000 6.000000 3.726016 0.000000 3.005365 0.621003
2.950000 0.158438 0.000000 6.000000 3.867656 0.000000 3.005651 0.644609
2.960000 0.171745 0.000000 6.000000 4.013281 0.000000 3.005990 0.668880
2.970000 0.186432 0.000000 6.000000 4.144297 0.000000 3.006237 0.690716
2.980000 0.202474 0.000000 6.000000 4.269453 0.000000 3.006458 0.711576
2.990000 0.220234 0.000000 6.000000 4.392500 0.000000 3.006758 0.732083
3.000000 0.239609 0.000000 6.000000 4.504766 0.000000 3.006992 0.750794
3.010000 0.260964 0.000000 6.000000 4.608984 0.000000 3.007331 0.768164
3.020000 0.283932 0.000000 6.000000 4.712422 0.000000 3.007591 0.785404
3.030000 0.311719 0.000000 6.000000 4.810625 0.000000 3.007904 0.801771
3.040000 0.344089 0.000000 6.000000 4.893828 0.000000 3.008112 0.815638
3.050000 0.376432 0.000000 6.000000 4.976953 0.000000 3.008372 0.829492
3.060000 0.412292 0.000000 6.000000 5.052734 0.000000 3.008789 0.842122
3.070000 0.449687 0.000000 6.000000 5.120547 0.000000 3.009141 0.853424
3.080000 0.487760 0.000000 6.000000 5.181406 0.000000 3.009401 0.863568
3.090000 0.525807 0.000000 6.000000 5.243438 0.000000 3.009831 0.873906
3.100000 0.563229 0.000000 6.000000 5.299141 0.000000 3.010052 0.883190
3.110000 0.600182 0.000000 6.000000 5.349688 0.000000 3.010404 0.891615
3.120000 0.636120 0.000000 6.000000 5.392109 0.000000 3.010755 0.898685
3.130000 0.670182 0.000000 6.000000 5.432188 0.000000 3.011094 0.905365
3.140000 0.703411 0.000000 6.000000 5.468516 0.000000 3.011341 0.911419
3.150000 0.733516 0.000000 6.000000 5.500391 0.000000 3.011875 0.916732
3.160000 0.762604 0.000000 6.000000 5.530156 0.000000 3.012305 0.921693
3.170000 0.792917 0.000000 6.000000 5.559297 0.000000 3.012760 0.926549
3.180000 0.823854 0.000000 6.000000 5.586484 0.000000 3.013346 0.931081
3.190000 0.856172 0.000000 6.000000 5.609922 0.000000 3.013776 0.934987
3.200000 0.891875 0.000000 6.000000 5.631172 0.000000 3.014284 0.938529
3.210000 0.928542 0.000000 6.000000 5.649453 0.000000 3.014974 0.941576
3.220000 0.971042 0.000000 6.000000 5.666484 0.000000 3.015768 0.944414
3.230000 1.018151 0.000000 6.000000 5.684453 0.000000 3.016341 0.947409
3.240000 1.071250 0.000000 6.000000 5.700703 0.000000 3.016914 0.950117
3.250000 1.132214 0.000000 6.000000 5.714219 0.000000 3.017669 0.952370
3.260000 1.198385 0.000000 6.000000 5.727109 0.000000 3.018529 0.954518
3.270000 1.273359 0.000000 6.000000 5.740547 0.000000 3.019258 0.956758
3.280000 1.358750 0.000000 6.000000 5.751797 0.000000 3.020195 0.958633
3.290000 1.452578 0.000000 6.000000 5.762656 0.000000 3.021133 0.960443
3.300000 1.558125 0.000000 6.000000 5.774297 0.000000 3.022109 0.962383
3.310000 1.670781 0.000000 6.000000 5.784297 0.000000 3.023203 0.964049
3.320000 1.787292 0.000000 6.000000 5.793750 0.000000 3.024505 0.965625
3.330000 1.914141 0.000000 6.000000 5.802578 0.000000 3.025846 0.967096
3.340000 2.047396 0.000000 6.000000 5.811563 0.000000 3.027396 0.968594
3.350000 2.184453 0.000000 6.000000 5.820625 0.000000 3.028971 0.970104
3.360000 2.319870 0.000000 6.000000 5.830781 0.000000 3.030690 0.971797
3.370000 2.456302 0.000000 6.000000 5.839062 0.000000 3.032318 0.973177
3.380000 2.593568 0.000000 6.000000 5.846875 0.000000 3.034271 0.974479
3.390000 2.723828 0.000000 6.000000 5.854141 0.000000 3.036341 0.975690
3.400000 2.845495 0.000000 6.000000 5.861484 0.000000 3.038607 0.976914
3.410000 2.962266 0.000000 6.000000 5.869297 0.000000 3.040885 0.978216
3.420000 3.068229 0.000000 6.000000 5.876875 0.000000 3.043281 0.979479
3.430000 3.168984 0.000000 6.000000 5.883750 0.000000 3.046198 0.980625
3.440000 3.262917 0.000000 6.000000 5.891250 0.000000 3.049674 0.981875
3.450000 3.348125 0.000000 6.000000 5.897031 0.000000 3.053333 0.982839
3.460000 3.427031 0.000000 6.000000 5.903203 0.000000 3.056784 0.983867
3.470000 3.501458 0.000000 6.000000 5.909297 0.000000 3.061120 0.984883
3.480000 3.570443 0.000000 6.000000 5.915312 0.000000 3.065456 0.985885
3.490000 3.634818 0.000000 6.000000 5.921797 0.000000 3.070755 0.986966
3.500000 3.697161 0.000000 6.000000 5.927734 0.000000 3.076810 0.987956
3.510000 3.755729 0.000000 6.000000 5.933984 0.000000 3.083151 0.988997
3.520000 3.811745 0.000000 6.000000 5.938750 0.000000 3.090299 0.989792
3.530000 3.863437 0.000000 6.000000 5.944375 0.000000 3.097695 0.990729
3.540000 3.914505 0.000000 6.000000 5.951562 0.000000 3.105638 0.991927
3.550000 3.965312 0.000000 6.000000 5.956641 0.000000 3.114961 0.992773
3.560000 4.013281 0.000000 6.000000 5.962500 0.000000 3.124648 0.993750
3.570000 4.061380 0.000000 6.000000 5.967187 0.000000 3.135234 0.994531
3.580000 4.106458 0.000000 6.000000 5.972500 0.000000 3.147643 0.995417
3.590000 4.152552 0.000000 6.000000 5.978359 0.000000 3.160456 0.996393
3.600000 4.195312 0.000000 6.000000 5.983906 0.000000 3.175247 0.997318
3.610000 4.237083 0.000000 6.000000 5.989687 0.000000 3.191120 0.998281
3.620000 4.275104 0.000000 6.000000 5.996797 0.000000 3.207956 0.999466
3.630000 4.311641 0.000000 6.000000 6.004844 0.000000 3.225690 1.000807
3.640000 4.348151 0.000000 6.000000 6.010469 0.000000 3.245143 1.001745
3.650000 4.382474 0.000000 6.000000 6.016797 0.000000 3.264245 1.002799
3.660000 4.414740 0.000000 6.000000 6.023203 0.000000 3.285195 1.003867
3.670000 4.444844 0.000000 6.000000 6.028594 0.000000 3.307773 1.004766
3.680000 4.473464 0.000000 6.000000 6.034609 0.000000 3.332357 1.005768
3.690000 4.501667 0.000000 6.000000 6.041719 0.000000 3.358086 1.006953
3.700000 4.526484 0.000000 6.000000 6.048125 0.000000 3.385221 1.008021
3.710000 4.551667 0.000000 6.000000 6.055547 0.000000 3.414193 1.009258
3.720000 4.577448 0.000000 6.000000 6.063906 0.000000 3.443411 1.010651
3.730000 4.601432 0.000000 6.000000 6.070078 0.000000 3.474831 1.011680
3.740000 4.625755 0.000000 6.000000 6.077109 0.000000 3.508164 1.012852
3.750000 4.650547 0.000000 6.000000 6.086016 0.000000 3.540716 1.014336
3.760000 4.675911 0.000000 6.000000 6.095156 0.000000 3.575924 1.015859
3.770000 4.700469 0.000000 6.000000 6.103984 0.000000 3.610781 1.017331
3.780000 4.725417 0.000000 6.000000 6.113984 0.000000 3.647031 1.018997
3.790000 4.752682 0.000000 6.000000 6.124219 0.000000 3.683281 1.020703
3.800000 4.781354 0.000000 6.000000 6.133984 0.000000 3.720534 1.022331
3.810000 4.810625 0.000000 6.000000 6.144844 0.000000 3.759258 1.024141
3.820000 4.839609 0.000000 6.000000 6.156562 0.000000 3.798346 1.026094
3.830000 4.870208 0.000000 6.000000 6.167422 0.000000 3.838424 1.027904
3.840000 4.903802 0.000000 6.000000 6.180000 0.000000 3.878229 1.030000
3.850000 4.935599 0.000000 6.000000 6.193047 0.000000 3.918737 1.032174
3.860000 4.969349 0.000000 6.000000 6.207656 0.000000 3.958997 1.034609
3.870000 5.004375 0.000000 6.000000 6.220937 0.000000 4.001497 1.036823
3.880000 5.037865 0.000000 6.000000 6.236484 0.000000 4.042474 1.039414
3.890000 5.072682 0.000000 6.000000 6.252969 0.000000 4.083880 1.042161
3.900000 5.108880 0.000000 6.000000 6.271094 0.000000 4.125026 1.045182
3.910000 5.144818 0.000000 6.000000 6.288125 0.000000 4.164557 1.048021
3.920000 5.181406 0.000000 6.000000 6.309922 0.000000 4.206992 1.051654
3.930000 5.218620 0.000000 6.000000 6.332344 0.000000 4.249219 1.055391
3.940000 5.258229 0.000000 6.000000 6.354687 0.000000 4.288346 1.059115
3.950000 5.297578 0.000000 6.000000 6.380781 0.000000 4.331042 1.063464
3.960000 5.337292 0.000000 6.000000 6.408516 0.000000 4.373112 1.068086
3.970000 5.379349 0.000000 6.000000 6.437187 0.000000 4.414935 1.072865
3.980000 5.425755 0.000000 6.000000 6.465781 0.000000 4.457474 1.077630
3.990000 5.471146 0.000000 6.000000 6.502500 0.000000 4.499206 1.083750
4.000000 5.520417 0.000000 6.000000 6.540156 0.000000 4.541432 1.090026
4.010000 5.572057 0.000000 6.000000 6.576641 0.000000 4.581419 1.096107
4.020000 5.627344 0.000000 6.000000 6.619297 0.000000 4.621654 1.103216
4.030000 5.683333 0.000000 6.000000 6.659375 0.000000 4.661953 1.109896
4.040000 5.744297 0.000000 6.000000 6.698437 0.000000 4.702786 1.116406
4.050000 5.806927 0.000000 6.000000 6.743359 0.000000 4.743672 1.123893
4.060000 5.871641 0.000000 6.000000 6.791328 0.000000 4.784128 1.131888
4.070000 5.942760 0.000000 6.000000 6.841328 0.000000 4.823242 1.140221
4.080000 6.013880 0.000000 6.000000 6.889531 0.000000 4.863359 1.148255
4.090000 6.089531 0.000000 6.000000 6.944297 0.000000 4.903672 1.157383
4.100000 6.165807 0.000000 6.000000 6.998516 0.000000 4.943346 1.166419
4.110000 6.245755 0.000000 6.000000 7.053281 0.000000 4.982630 1.175547
4.120000 6.324323 0.000000 6.000000 7.113359 0.000000 5.022083 1.185560
4.130000 6.405104 0.000000 6.000000 7.173437 0.000000 5.061055 1.195573
4.140000 6.488802 0.000000 6.000000 7.233359 0.000000 5.100182 1.205560
4.150000 6.570911 0.000000 6.000000 7.292500 0.000000 5.140977 1.215417
4.160000 6.656484 0.000000 6.000000 7.351250 0.000000 5.181302 1.225208
4.170000 6.739349 0.000000 6.000000 7.409687 0.000000 5.223424 1.234948
4.180000 6.817187 0.000000 6.000000 7.470703 0.000000 5.266823 1.245117
4.190000 6.894453 0.000000 6.000000 7.529453 0.000000 5.310104 1.254909
4.200000 6.971979 0.000000 6.000000 7.587969 0.000000 5.356549 1.264661
4.210000 7.049635 0.000000 6.000000 7.645000 0.000000 5.401419 1.274167
4.220000 7.126354 0.000000 6.000000 7.705469 0.000000 5.448607 1.284245
4.230000 7.198099 0.000000 6.000000 7.769219 0.000000 5.496602 1.294870
4.240000 7.268490 0.000000 6.000000 7.825000 0.000000 5.545143 1.304167
4.250000 7.336328 0.000000 6.000000 7.882266 0.000000 5.595339 1.313711
4.260000 7.401094 0.000000 6.000000 7.934922 0.000000 5.645924 1.322487
4.270000 7.466276 0.000000 6.000000 7.986484 0.000000 5.697513 1.331081
4.280000 7.527969 0.000000 6.000000 8.034062 0.000000 5.746966 1.339010
4.290000 7.586589 0.000000 6.000000 8.082734 0.000000 5.796146 1.347122
4.300000 7.642474 0.000000 6.000000 8.129766 0.000000 5.844258 1.354961
4.310000 7.698880 0.000000 6.000000 8.173594 0.000000 5.891263 1.362266
4.320000 7.750312 0.000000 6.000000 8.215859 0.000000 5.937461 1.369310
4.330000 7.800964 0.000000 6.000000 8.258750 0.000000 5.983737 1.376458
4.340000 7.847526 0.000000 6.000000 8.300625 0.000000 6.028464 1.383437
4.350000 7.893880 0.000000 6.000000 8.335469 0.000000 6.071706 1.389245
4.360000 7.938724 0.000000 6.000000 8.372109 0.000000 6.113945 1.395352
4.370000 7.980651 0.000000 6.000000 8.406797 0.000000 6.154401 1.401133
4.380000 8.020208 0.000000 6.000000 8.436250 0.000000 6.194245 1.406042
4.390000 8.054766 0.000000 6.000000 8.464609 0.000000 6.232057 1.410768
4.400000 8.087474 0.000000 6.000000 8.492344 0.000000 6.270469 1.415391
4.410000 8.119922 0.000000 6.000000 8.519141 0.000000 6.307201 1.419857
4.420000 8.150599 0.000000 6.000000 8.544063 0.000000 6.342396 1.424010
4.430000 8.179557 0.000000 6.000000 8.565781 0.000000 6.376458 1.427630
4.440000 8.207474 0.000000 6.000000 8.586953 0.000000 6.410690 1.431159
4.450000 8.234870 0.000000 6.000078 8.607422 0.000000 6.444219 1.434570
4.460000 8.260312 0.000000 6.000078 8.623437 0.000000 6.477044 1.437240
4.470000 8.285729 0.000000 6.000078 8.641562 0.000000 6.509792 1.440260
4.480000 8.313594 0.000000 6.000078 8.656484 0.000000 6.542917 1.442747
4.490000 8.338568 0.000000 6.000312 8.672109 0.000000 6.577005 1.445352
4.500000 8.364583 0.000000 6.000469 8.684219 0.000000 6.610599 1.447370
4.510000 8.390964 0.000000 6.000781 8.698516 0.000000 6.645365 1.449753
4.520000 8.417266 0.000000 6.001250 8.712656 0.000000 6.681784 1.452109
4.530000 8.445729 0.000000 6.001719 8.727266 0.000000 6.718672 1.454544
4.540000 8.475234 0.000000 6.001953 8.740859 0.000000 6.758190 1.456810
4.550000 8.508750 0.000000 6.002266 8.753125 0.000000 6.798529 1.458854
4.560000 8.547031 0.000000 6.003125 8.763437 0.000000 6.840729 1.460573
4.570000 8.586849 0.000000 6.003828 8.774297 0.000000 6.885469 1.462383
4.580000 8.629844 0.000000 6.004687 8.786250 0.000000 6.931836 1.464375
4.590000 8.677344 0.000000 6.005469 8.797422 0.000000 6.980534 1.466237
4.600000 8.730521 0.000000 6.007344 8.808672 0.000000 7.031706 1.468112
4.610000 8.782656 0.000000 6.009609 8.818594 0.000000 7.084674 1.469766
4.620000 8.840417 0.000000 6.012109 8.827109 0.000000 7.140430 1.471185
4.630000 8.899531 0.000000 6.015781 8.837422 0.000000 7.198424 1.472904
4.640000 8.964141 0.000000 6.021094 8.846250 0.000000 7.260117 1.474375
4.650000 9.037266 0.000000 6.026953 8.854141 0.000000 7.324844 1.475690
4.660000 9.123620 0.000000 6.036406 8.862187 0.000000 7.390651 1.477031
4.670000 9.220286 0.000000 6.048437 8.872656 0.000000 7.459557 1.478776
4.680000 9.326510 0.000000 6.063516 8.882578 0.000000 7.531263 1.480430
4.690000 9.427552 0.000000 6.084766 8.892812 0.000000 7.606029 1.482135
4.700000 9.526198 0.000000 6.114922 8.902734 0.000000 7.684583 1.483789
4.710000 9.614401 0.000000 6.150234 8.914609 0.000000 7.765130 1.485768
4.720000 9.696927 0.000000 6.193672 8.927500 0.000000 7.847018 1.487917
4.730000 9.773802 0.000000 6.249531 8.941094 0.000000 7.929245 1.490182
4.740000 9.854557 0.000000 6.320703 8.955859 0.000000 8.012109 1.492643
4.750000 9.941380 0.000000 6.405469 8.971797 0.000000 8.095885 1.495299
4.760000 10.036901 0.000000 6.500391 8.990781 0.000000 8.181328 1.498464
4.770000 10.139141 0.000000 6.610703 9.015625 0.000000 8.266276 1.502604
4.780000 10.238125 0.000000 6.738516 9.041562 0.000000 8.352891 1.506927
4.790000 10.332500 0.000000 6.881797 9.074453 0.000000 8.440365 1.512409
4.800000 10.415599 0.000000 7.035391 9.111172 0.000000 8.529544 1.518529
4.810000 10.486745 0.000000 7.204922 9.147812 0.000000 8.621966 1.524635
4.820000 10.550833 0.000000 7.373906 9.189297 0.000000 8.710768 1.531549
4.830000 10.604766 0.000000 7.543828 9.238750 0.000000 8.800169 1.539792
4.840000 10.653307 0.000000 7.710391 9.294844 0.000000 8.887695 1.549141
4.850000 10.701224 0.000000 7.868594 9.362344 0.000000 8.971875 1.560391
4.860000 10.747917 0.000000 8.022578 9.429609 0.000000 9.055078 1.571602
4.870000 10.796849 0.000000 8.170391 9.507187 0.000000 9.136107 1.584531
4.880000 10.844922 0.000000 8.295859 9.598203 0.000000 9.214505 1.599701
4.890000 10.894271 0.000000 8.405078 9.702109 0.000000 9.288789 1.617018
4.900000 10.942266 0.000000 8.503281 9.816172 0.000000 9.362487 1.636029
4.910000 10.991953 0.000000 8.583984 9.936641 0.000000 9.432565 1.656107
4.920000 11.039167 0.000000 8.649766 10.065703 0.000000 9.501445 1.677617
4.930000 11.085677 0.000000 8.702266 10.208359 0.000000 9.568073 1.701393
4.940000 11.130339 0.000000 8.741172 10.363750 0.000000 9.633333 1.727292
4.950000 11.175000 0.000000 8.770078 10.526484 0.000000 9.699310 1.754414
4.960000 11.218151 0.000000 8.796719 10.699297 0.000000 9.765143 1.783216
4.970000 11.260286 0.000000 8.820469 10.884141 0.000000 9.829557 1.814023
4.980000 11.301562 0.000000 8.840625 11.075078 0.000000 9.895365 1.845846
4.990000 11.343359 0.000000 8.858281 11.267266 0.000000 9.962161 1.877878
5.000000 11.343359 0.000000 8.858281 11.267266 0.000000 9.962161 1.877878
