,time,inherent MSD,inherent MSCD,actual MSD,actual MSCD
0,1.0,1.3567481786966729,1.265689828393409,1.796615789407114,1.8721974098986018
1,1.2,1.5478482525033883,1.3745490699825187,1.9788103130285803,1.984333986908615
2,1.4,1.7291121389662445,1.4425068246748423,2.165027848320062,2.0346911281916973
3,1.6,1.9052071974580398,1.5013604938535743,2.3412047393275457,2.0898194661349607
4,1.8,2.075097329423822,1.5752194646872553,2.5097964612890133,2.16836494546432
5,2.0,2.2372199555498367,1.593646068274741,2.6618886827223944,2.115055199028481
6,2.2,2.3956354140966734,1.5736724877913346,2.8132980594020167,2.054804277154575
7,2.4,2.550308495754553,1.5859258600591308,2.973862607146889,2.086003188849034
8,2.6,2.7038869218025163,1.5921769893986477,3.1276954718073604,2.0553758607059445
9,2.8,2.8544822785796042,1.5513664445802118,3.272818177689649,2.059457790891699
10,3.0,3.0019570120855916,1.539484368735258,3.4160597846453524,2.046064670689315
11,3.2,3.1470268067883764,1.5677025322954903,3.5527221612210114,2.1442513698087082
12,3.4,3.283095838984829,1.6698856664593833,3.684605695024144,2.177771389382953
13,3.6,3.4169375728383606,1.71516203877995,3.8184400566017853,2.2015382277715942
14,3.8,3.5463757390265744,1.7533564400672608,3.945066724232284,2.280901828315723
15,4.0,3.6738558044963447,1.8088647109782217,4.074042736565792,2.3880435534534827
16,4.2,3.800059528422525,1.8606495008409445,4.195503955396224,2.356994661348475
17,4.4,3.926381149864127,1.8865072651580845,4.320829408083659,2.4467253032909086
18,4.6,4.0466701329995685,1.931670362505228,4.447024979556094,2.4578629368929
19,4.8,4.1654709714234714,1.9285274008904878,4.562233249056522,2.436158436298998
20,5.0,4.286485304117185,1.8823067589436795,4.672227144035748,2.4266464473457687
21,5.2,4.406293933696273,1.8264700980839246,4.782326578851395,2.3681917308303007
22,5.4,4.52045879739427,1.731051166318651,4.893736275121781,2.2673293924659617
23,5.6,4.631525354486932,1.6563535708539303,5.002868962323505,2.202034004516114
24,5.8,4.742784531012288,1.6132682811550432,5.11249057215273,2.1808846497328784
25,6.0,4.852278982964521,1.5650375225584219,5.2207034254045706,2.1731608189780762
26,6.2,4.960927545746595,1.493356204054071,5.324901310861567,2.0773659476835284
27,6.4,5.0660894122133,1.4189985866364951,5.42896407468842,1.9927228462454691
28,6.6,5.1679225985036945,1.3753344530985299,5.527661879661469,1.9627797994093383
29,6.8,5.268829848961179,1.3141241229175111,5.622316206969509,1.8536876053432987
30,7.0,5.370236776235887,1.277984014435838,5.7208538278793,1.8460740479649391
31,7.2,5.466433654177954,1.2394177555892139,5.812575104760076,1.828054677497801
32,7.4,5.559156026979374,1.2653396662246423,5.901323719537435,1.8889830471498448
33,7.6,5.652691647775145,1.3081106167713152,5.991490834178523,2.036564951223525
34,7.8,5.745200570484506,1.3999489619875949,6.078081128937441,2.113463401662105
35,8.0,5.8318483837336,1.4621924133930382,6.1645269251596595,2.1651240776280285
36,8.2,5.917319485999784,1.5189321835458534,6.247401360848008,2.275879670789274
37,8.4,5.999547534758314,1.5743785734105218,6.3272416917820165,2.320554409544947
38,8.6,6.0777376837237505,1.5804856113313113,6.405132203862398,2.2544391985467964
39,8.8,6.154411380464293,1.5330617043734385,6.484649463289102,2.306437130870807
40,9.0,6.234970366841754,1.5115127234992805,6.561475718173351,2.188979381411277
41,9.2,6.313270243351783,1.446992373786191,6.639967892352728,2.1136449355385594
42,9.4,6.3941525281522855,1.3047210693903828,6.721708414058008,1.8708036186350485
43,9.6,6.476545801414112,1.2357612175954773,6.802670740891128,1.7700141822994888
44,9.8,6.560520433905643,1.2193852106663179,6.882596620715681,1.7591485356450274
45,10.0,6.63894526731512,1.225126843865226,6.959033266952852,1.7384604782855781
46,10.2,6.716524126607308,1.263339987611645,7.04410161520219,1.7509128963143274
47,10.4,6.792965086864508,1.3317210854554857,7.127140594233954,1.839440572400045
48,10.6,6.863585546765882,1.4293828796474177,7.200002329620967,1.9364833828042036
49,10.8,6.935041114807689,1.5188578728862543,7.264132372622328,2.0170159291875023
50,11.0,7.006818386894062,1.5916201911510568,7.3278896647219165,2.0270383401309324
51,11.2,7.0761851012365335,1.6824269528060694,7.389751463125727,2.1443105749961946
52,11.4,7.143819220785516,1.7727620544355183,7.463779123526797,2.2819428775666455
53,11.6,7.214950095845801,1.8376187720627544,7.538912226749749,2.318346848880265
54,11.8,7.28796131792924,1.8558390902422204,7.60879608102882,2.342081574783147
55,12.0,7.356156755103297,1.823680099390948,7.6744691375482175,2.332852483139862
56,12.2,7.422793488020832,1.7356442983390623,7.738221711561888,2.284896532779033
57,12.4,7.488357288501915,1.6657202747785196,7.80279644746692,2.2419884518063657
58,12.6,7.5518633720695485,1.5468513872373968,7.867261753698087,2.128051120803567
59,12.8,7.614253731598876,1.5131230588658926,7.9243515733072725,2.11133219404691
60,13.0,7.673388297934996,1.5124472090817707,7.986154430810885,2.0820453130215317
61,13.2,7.732910371935496,1.4495150082721404,8.038520864154744,2.0416062455207693
62,13.4,7.794133811163758,1.4107714398601428,8.097243669758656,1.9781664560462902
63,13.6,7.8554425136701544,1.3571855185854937,8.163296909356871,1.897810104131876
64,13.8,7.9155987863381325,1.3889020809401347,8.225434436432147,1.9312992302646201
65,14.0,7.977099982155511,1.4170743792151235,8.285462289929434,1.9627747532560695
66,14.2,8.040910282395872,1.5159542861468394,8.345067127547445,2.093277541647875
67,14.4,8.103472557239522,1.598092135189371,8.406086296226226,2.13835116010129
68,14.6,8.163130665298047,1.64637474564255,8.470153481544623,2.2729970842928195
69,14.8,8.221825458012034,1.654770303129462,8.524526774785864,2.1943337463370516
70,15.0,8.284265827185061,1.6160579156268946,8.58662747263242,2.1285179734530453
71,15.2,8.344436656225547,1.65099622494989,8.64191176722989,2.153634731599738
72,15.4,8.40502240586528,1.680754721736407,8.699929845492845,2.166441044346222
73,15.6,8.466013589144785,1.6626092576462685,8.760990847803987,2.1514724385023483
74,15.8,8.526669420995416,1.6199376284949831,8.814018636694653,2.095997454298496
75,16.0,8.588907752068822,1.6110016654444241,8.871884870048902,2.0946824896604403
76,16.2,8.653617573792285,1.550060467320578,8.930411551202575,2.0500679041241434
77,16.4,8.718843738444232,1.4595241860916222,8.995453138241906,1.9648090147101922
78,16.6,8.781418197569897,1.3688080828118003,9.059224911007526,1.919616258779891
79,16.8,8.845047851101361,1.3247367521528997,9.121765502493833,1.936047346505644
80,17.0,8.911901213484459,1.3126396477600315,9.18906336102196,1.858272506951021
81,17.2,8.980023394070793,1.2728207676063314,9.258304893222176,1.8174288529218838
82,17.4,9.047813801666521,1.3114436302584498,9.32495185785538,1.8330300501598022
83,17.6,9.116026758669092,1.4390972972812455,9.390788529059998,1.9634267448117921
84,17.8,9.181902003201188,1.5629257512121921,9.450016914872421,2.106119985595957
85,18.0,9.242761705694905,1.6152225928345774,9.506616813422944,2.2120682322140452
86,18.2,9.29859568488145,1.68866869437319,9.5709439440979,2.338409960061576
87,18.4,9.35223465755447,1.7877191659198586,9.62429629489984,2.4179616000224544
88,18.6,9.404416971049853,1.7936164126744096,9.676140159004552,2.451173655469567
89,18.8,9.458096242881027,1.769831128435338,9.721440935669861,2.4051162702042337
90,19.0,9.506791834893887,1.6754329083099264,9.770313537466496,2.2786630961563556
91,19.2,9.553597263988825,1.598631326658717,9.818953845072718,2.2002130398822453
92,19.4,9.59208676743939,1.524094050767842,9.850911851982874,2.093247297758388
93,19.6,9.632527886634044,1.4926534383543304,9.886618713345694,2.0350794164987596
94,19.8,9.673045006089334,1.4568993460130892,9.927757193025958,2.0990026786206384
95,20.0,9.71547292345196,1.4730144338577011,9.975120875012868,2.057599881376211
96,20.2,9.754531462432723,1.4653290242475379,10.017966231744571,2.0553877683681563
97,20.4,9.791945016449645,1.424494168567512,10.056727993525458,1.9857793683189378
98,20.6,9.827115543205531,1.432779488215482,10.097044591310224,1.946352539090966
99,20.8,9.86353447501224,1.4706028569478382,10.13287011858832,2.0185528374158928
100,21.0,9.898412912800291,1.4977602300622825,10.163637640198797,2.1659154494785806
101,21.2,9.93110093866032,1.572503893463474,10.191641613700702,2.1796097201833207
102,21.4,9.963722156564321,1.6652888330835987,10.221201373394608,2.290940140100792
103,21.6,9.996142906375274,1.7482330202376026,10.251614979785785,2.2513384169380637
104,21.8,10.029319116368251,1.7582830309098219,10.28125658971617,2.3777948054679894
105,22.0,10.060743252644954,1.7350910788688232,10.315681333706337,2.236508148871854
106,22.2,10.098057448406317,1.6510266335737092,10.345902799520951,2.203960264166909
107,22.4,10.133034295914877,1.5969378916355697,10.388086621983687,2.2208039430802597
108,22.6,10.169246509101272,1.5102789003832555,10.4281927951818,2.18841924096357
109,22.8,10.202727644628354,1.4663036140777155,10.455161403751715,2.127808013313919
110,23.0,10.237961849782451,1.451334046778699,10.486417316821347,2.028388053998235
111,23.2,10.27786864388211,1.4169467577942336,10.527838325922957,1.9950240730588418
112,23.4,10.321717883804089,1.3327833599743177,10.565269246075358,1.817469375172969
113,23.6,10.36774009580119,1.2801043467375097,10.609550935190518,1.8562486766711277
114,23.8,10.408878472949766,1.3495752060152915,10.66524293326041,1.9257735179959086
115,24.0,10.448460527061016,1.444669494192932,10.698962646039993,2.059620531911606
116,24.2,10.486602105224486,1.4943147626127564,10.737613596565987,2.0982114360632163
117,24.4,10.532871236172937,1.5885205737953187,10.773780969566857,2.0650808890531427
118,24.6,10.571120277809719,1.600929645540574,10.817526274063416,2.0281615292406285
119,24.8,10.60661458935084,1.626973328400376,10.859178998389678,1.981728123190212
120,25.0,10.64498160242148,1.6529057913217444,10.89448316808353,1.9992995345891815
121,25.2,10.68523044418562,1.6717204958383747,10.942533329031827,2.1231136469491245
122,25.4,10.72208655864538,1.7006660954472628,10.983135477938246,2.1037886836653765
123,25.6,10.758353826547937,1.7327891430204572,11.020510858512687,2.128360321531651
124,25.8,10.791991456054868,1.757321025267368,11.051292802373176,2.2028194105530523
125,26.0,10.82707415267289,1.8035472261168817,11.083214526701306,2.3085249050207617
126,26.2,10.864115818694835,1.740220652664073,11.114713633990256,2.346373099645205
127,26.4,10.900224450839488,1.6955160035258465,11.14998625357576,2.3124153462944363
128,26.6,10.933165394558593,1.6663455517187147,11.190778242307324,2.2608129435471858
129,26.8,10.973738760661996,1.6534968574775324,11.232874025431832,2.09409365066495
130,27.0,11.009475830878957,1.6732355027151258,11.269520821501407,2.2882207073000598
131,27.2,11.047627236664463,1.7379390748934203,11.306096017356007,2.3416801625128953
132,27.4,11.084915030623682,1.8592725274854593,11.340994065368365,2.3300354230840994
133,27.6,11.126593055280955,1.9384010913380567,11.384491441861805,2.444635711752755
134,27.8,11.17013280966595,2.0549879826127464,11.42707377431134,2.5557710403484273
135,28.0,11.211759825091663,2.112205519883363,11.46268302242583,2.6718372806774453
136,28.2,11.248040180614908,2.1526446038845783,11.49123453555495,2.678620824093425
137,28.4,11.273871342421705,2.1168895233145375,11.50885338704118,2.651136018605513
138,28.6,11.296885755237042,2.1092286369988225,11.535064052955647,2.6453917936513096
139,28.8,11.326310719046413,2.098371894822663,11.563108016382065,2.617505919922137
140,29.0,11.350872183871322,1.9866839958833624,11.592903505183557,2.583205834796616
141,29.2,11.376475125270462,1.935867513659482,11.609706156251795,2.5596255376505197
142,29.4,11.399435491528598,1.8836429935209014,11.621057360783903,2.4976245346258783
143,29.6,11.41759807507095,1.767049243013317,11.645021275094635,2.50000438699852
144,29.8,11.44013604778462,1.6569752023302762,11.67212483901226,2.3544493245255635
145,30.0,11.46545357949015,1.5397339632527265,11.702939324405902,2.3844107280633824
146,30.2,11.496764549406308,1.4603378655469743,11.722258636470599,2.243700716335347
147,30.4,11.53509637858653,1.5306219350909398,11.755367474019105,2.187909600787881
148,30.6,11.572691727758752,1.5228905847063086,11.795333752493399,2.1114813060805626
149,30.8,11.604353589284,1.4503410995510635,11.812773294522415,2.127657189603859
150,31.0,11.632079248327036,1.524956017191137,11.840794102377032,2.1679642188741135
151,31.2,11.66041624719774,1.5170345965829608,11.872372404475394,2.138267085383895
152,31.4,11.689383293607042,1.4990179084483748,11.899300761722444,2.005223983486608
153,31.6,11.714769145038654,1.4754941423289587,11.91538239935211,1.877527740204681
154,31.8,11.725196346296473,1.5115799748635153,11.927384414920356,1.8954335518797578
155,32.0,11.734105810398596,1.5810789982883875,11.945805716724783,1.9263303315318228
156,32.2,11.747397990364377,1.5295553672254911,11.96112186717457,1.892338643892514
157,32.4,11.758888874929333,1.6279023929826917,11.976219510733884,2.0445130464029146
158,32.6,11.764147936670705,1.75391649152872,11.980028769133781,2.2208280495918413
159,32.8,11.77108847516316,1.7866427376276153,11.988638095854506,2.1750820560709205
160,33.0,11.788167834147893,1.7528688168744901,12.003656234027302,2.152923481772064
161,33.2,11.808933328421803,1.7408337809917453,12.023315653599427,2.0662833574939765
162,33.4,11.823434138842215,1.728962113998093,12.036379632757216,2.0587096896359274
163,33.6,11.846165988697777,1.7295860094606053,12.05540494936018,1.9882548705354477
164,33.8,11.87221490412785,1.6302778337561221,12.073718609669148,1.9058003776970036
165,34.0,11.898728473653629,1.6174397516721672,12.088452537851254,1.738660900129691
166,34.2,11.917532856431864,1.737606694058745,12.11386142300581,1.7851140670337033
167,34.4,11.92858840779005,1.743314379114653,12.11650240007116,2.016702563690566
168,34.6,11.938938286715874,1.6980658162232485,12.132226713972017,2.055730543057423
169,34.8,11.946229626490066,1.7761874075933513,12.150402999717798,2.1870708124415983
170,35.0,11.962504943478896,1.8582151832716696,12.153254627446879,2.4784642863270023
171,35.2,11.968917221320893,1.7947248328364747,12.165072791940693,2.3373599242618037
172,35.4,11.974665815692864,1.827800011298334,12.175356809624708,2.204288687424852
173,35.6,11.985256838988883,1.9362353342548957,12.187330072023315,2.418090435321305
174,35.8,11.996347248469434,1.912111782286668,12.200384808507536,2.3469205042911905
175,36.0,11.997526174286001,1.9273322397459527,12.207382147744918,2.362426520507915
176,36.2,12.005967872042298,1.807322808100718,12.209340737369482,2.380603804863425
177,36.4,12.009522074492834,1.739300239577772,12.226116128308377,2.4203953803674563
178,36.6,12.016974834798164,1.8031233805849192,12.244315942674817,2.370662389190012
179,36.8,12.014015293294477,1.8286604155129176,12.236662743632698,2.4732266376901437
180,37.0,12.011729758810171,1.6635715433583245,12.222953398907352,2.2463845226624666
181,37.2,11.998656288988656,1.5475446573150242,12.198903036887039,1.8745371703929976
182,37.4,11.983331335722914,1.4806370018569737,12.162711328087488,1.981081626705442
183,37.6,11.97534731800622,1.3510525077922335,12.151113905145081,1.9552822553055602
184,37.8,11.968577866203164,1.3271062553257773,12.138145756833337,1.7641026772957706
185,38.0,11.956885178904585,1.3451375451514787,12.130590327293199,1.98399523209625
186,38.2,11.934081767349426,1.4335253845343512,12.109003687322849,1.7727452588972301
187,38.4,11.91099201088529,1.327044715138106,12.081461587163346,1.5507631057473814
188,38.6,11.910788964542396,1.2129817042865447,12.090102279298463,1.6590672765709666
189,38.8,11.893464670737437,1.1041831168626806,12.07608239322201,1.5533106436345356
190,39.0,11.873462511347709,1.1168859200676844,12.061560677367096,1.7023238039802313
191,39.2,11.854322366818133,1.221462369910696,12.024670888237821,2.0298564255949874
192,39.4,11.85335063710661,1.1800668647536876,12.011084399233448,1.9793574874198898
193,39.6,11.846435917000187,1.170019306788325,11.977589827788863,1.7423241380293304
194,39.8,11.818424670356828,1.3144985224923444,11.977679852881236,2.018696753530954
195,40.0,11.797948721278402,1.3664656773687067,11.975467621616469,2.193255275179308
196,40.2,11.781665445827764,1.2814823156522845,11.918896074958232,1.9015487586280964
197,40.4,11.792549002833004,1.4524717133535372,11.922974661148046,1.928245874117037
198,40.6,11.808954043124842,1.395757731276804,11.944478246835402,2.2713898452786023
199,40.8,11.805487811061425,0.9065248582812261,11.940480320838759,1.7610891308750183
200,41.0,11.85196361273852,0.9304632019837406,11.989784832355996,1.6347272635835368
201,41.2,11.908913894156273,0.8183092602881702,12.056718375839019,1.3454937209037734
202,41.4,11.987493778384385,1.1037837494336478,12.120921762131957,2.048674085564554
203,41.6,12.028460389390652,1.6243773409752753,12.276820367428039,2.6999576092236066
204,41.8,12.112283411239892,2.265116841714573,12.527129578159894,3.3328298366753604
